<Ticker>,<Per>,<DTYYYYMMDD>,<TIME>,<OPEN>,<HIGH>,<LOW>,<CLOSE>,<VOL>
SHAPNA,d,20080629,000000,360,360,360,360,189389047
SHAPNA,d,20080630,000000,371,371,360,369,19643005
SHAPNA,d,20080701,000000,362,362,359,361,22646072
SHAPNA,d,20080702,000000,364,371,361,368,3591428
SHAPNA,d,20080705,000000,377,379,370,377,7310389
SHAPNA,d,20080706,000000,389,389,385,388,4607603
SHAPNA,d,20080707,000000,400,400,377,397,17571371
SHAPNA,d,20080708,000000,409,409,391,406,7920559
SHAPNA,d,20080709,000000,401,401,394,399,1030343
SHAPNA,d,20080712,000000,387,388,387,387,1629454
SHAPNA,d,20080713,000000,385,399,379,396,2387382
SHAPNA,d,20080714,000000,407,408,400,406,1794383
SHAPNA,d,20080715,000000,418,418,418,418,2319151
SHAPNA,d,20080720,000000,211,418,211,418,39182025
SHAPNA,d,20080727,000000,404,469,404,469,687690
SHAPNA,d,20080915,000000,490,627,469,493,10909243
SHAPNA,d,20080916,000000,507,507,494,506,8356577
SHAPNA,d,20080917,000000,518,521,512,519,5185186
SHAPNA,d,20080920,000000,529,529,503,506,1857382
SHAPNA,d,20080921,000000,495,501,491,495,4027472
SHAPNA,d,20080923,000000,507,510,502,509,2598000
SHAPNA,d,20080924,000000,514,515,505,511,2136544
SHAPNA,d,20080927,000000,507,507,495,505,687840
SHAPNA,d,20080928,000000,492,501,490,492,3065766
SHAPNA,d,20080929,000000,497,499,492,493,863343
SHAPNA,d,20080930,000000,493,496,487,491,1196114
SHAPNA,d,20081004,000000,478,488,476,486,563693
SHAPNA,d,20081005,000000,472,486,439,486,68547222
SHAPNA,d,20081006,000000,471,486,439,486,58874381
SHAPNA,d,20081007,000000,471,471,471,471,1658788
SHAPNA,d,20081008,000000,457,471,457,471,3189
SHAPNA,d,20081011,000000,457,471,457,471,405
SHAPNA,d,20081012,000000,457,471,457,471,8701
SHAPNA,d,20081013,000000,457,471,457,471,8040
SHAPNA,d,20081014,000000,457,471,457,471,9534
SHAPNA,d,20081015,000000,457,471,457,471,1048
SHAPNA,d,20081018,000000,457,471,457,471,570
SHAPNA,d,20081019,000000,457,471,457,471,310
SHAPNA,d,20081021,000000,457,471,457,471,20
SHAPNA,d,20081022,000000,457,457,457,457,10319
SHAPNA,d,20081026,000000,443,443,443,443,3282
SHAPNA,d,20081027,000000,430,430,430,430,2492
SHAPNA,d,20081028,000000,417,417,417,417,24747
SHAPNA,d,20081029,000000,405,405,405,405,27460
SHAPNA,d,20081101,000000,393,405,393,405,8810
SHAPNA,d,20081103,000000,392,392,392,392,200
SHAPNA,d,20081105,000000,381,392,381,382,10069398
SHAPNA,d,20081108,000000,370,373,370,373,1299257
SHAPNA,d,20081109,000000,362,365,362,365,1121189
SHAPNA,d,20081110,000000,354,365,354,365,11375
SHAPNA,d,20081111,000000,439,439,365,365,82478541
SHAPNA,d,20081116,000000,354,365,354,365,777
SHAPNA,d,20081117,000000,354,365,354,365,303
SHAPNA,d,20081119,000000,354,365,354,365,100
SHAPNA,d,20081122,000000,354,365,354,365,114
SHAPNA,d,20081125,000000,354,354,354,354,50
SHAPNA,d,20081129,000000,344,344,344,344,50
SHAPNA,d,20081130,000000,333,333,333,333,460
SHAPNA,d,20081201,000000,323,323,323,323,77
SHAPNA,d,20081202,000000,314,323,314,323,1049
SHAPNA,d,20081203,000000,314,436,314,314,624339035
SHAPNA,d,20081206,000000,304,304,304,304,50
SHAPNA,d,20081207,000000,295,295,295,295,2000
SHAPNA,d,20081210,000000,286,286,286,286,10
SHAPNA,d,20081213,000000,278,278,278,278,8988
SHAPNA,d,20081214,000000,278,278,278,278,12668
SHAPNA,d,20081215,000000,269,269,269,269,2000
SHAPNA,d,20081216,000000,261,261,261,261,6449
SHAPNA,d,20081220,000000,253,253,253,253,27188
SHAPNA,d,20081221,000000,246,246,246,246,10
SHAPNA,d,20081222,000000,238,238,238,238,7200
SHAPNA,d,20081223,000000,238,238,238,238,50
SHAPNA,d,20081224,000000,231,231,231,231,5888
SHAPNA,d,20081227,000000,224,224,224,224,14160
SHAPNA,d,20081228,000000,218,218,218,218,5371
SHAPNA,d,20081229,000000,211,218,211,211,6602795
SHAPNA,d,20081230,000000,209,214,209,211,706341
SHAPNA,d,20081231,000000,211,211,205,209,833707
SHAPNA,d,20090103,000000,210,216,210,216,817996
SHAPNA,d,20090104,000000,219,219,218,219,857029
SHAPNA,d,20090105,000000,222,222,222,222,287953
SHAPNA,d,20090110,000000,223,223,223,223,263800
SHAPNA,d,20090111,000000,224,224,224,224,2694
SHAPNA,d,20090112,000000,224,224,224,224,6690
SHAPNA,d,20090113,000000,224,224,224,224,6179
SHAPNA,d,20090114,000000,224,224,223,224,3062075
SHAPNA,d,20090117,000000,231,231,231,231,1620415
SHAPNA,d,20090118,000000,238,238,238,238,77706
SHAPNA,d,20090119,000000,238,238,238,238,1665000
SHAPNA,d,20090120,000000,245,245,245,245,1664903
SHAPNA,d,20090121,000000,253,253,253,253,1664903
SHAPNA,d,20090124,000000,260,260,245,246,17844964
SHAPNA,d,20090125,000000,250,262,250,250,6332525
SHAPNA,d,20090126,000000,244,256,244,248,602196
SHAPNA,d,20090127,000000,250,257,250,257,1052549
SHAPNA,d,20090128,000000,261,261,261,261,2251062
SHAPNA,d,20090131,000000,269,269,269,269,1797325
SHAPNA,d,20090201,000000,277,277,277,277,1661746
SHAPNA,d,20090202,000000,285,285,279,285,6131798
SHAPNA,d,20090203,000000,284,290,279,284,1100858
SHAPNA,d,20090310,000000,324,336,320,326,3599332
SHAPNA,d,20090311,000000,333,336,331,336,1042917
SHAPNA,d,20090314,000000,341,341,341,341,830506
SHAPNA,d,20090316,000000,346,346,346,346,172584
SHAPNA,d,20090317,000000,348,348,348,348,999473
SHAPNA,d,20090318,000000,354,354,354,354,548101
SHAPNA,d,20090325,000000,357,357,357,357,400000
SHAPNA,d,20090328,000000,360,360,360,360,890400
SHAPNA,d,20090329,000000,366,366,366,366,789339
SHAPNA,d,20090330,000000,371,371,371,371,853072
SHAPNA,d,20090331,000000,377,377,377,377,1003683
SHAPNA,d,20090404,000000,383,383,383,383,29664
SHAPNA,d,20090405,000000,384,384,384,384,63012
SHAPNA,d,20090406,000000,384,384,384,384,1666442
SHAPNA,d,20090407,000000,396,396,396,396,1663139
SHAPNA,d,20090408,000000,407,407,407,407,1664000
SHAPNA,d,20090411,000000,420,420,420,420,2323446
SHAPNA,d,20090412,000000,432,432,407,407,26763724
SHAPNA,d,20090413,000000,412,412,412,412,26143
SHAPNA,d,20090414,000000,411,411,411,411,208
SHAPNA,d,20090415,000000,411,411,411,411,1671689
SHAPNA,d,20090418,000000,411,422,404,414,3490932
SHAPNA,d,20090426,000000,460,460,425,439,15352749
SHAPNA,d,20090427,000000,441,442,426,426,3132402
SHAPNA,d,20090428,000000,425,425,417,417,4000444
SHAPNA,d,20090429,000000,411,429,410,428,4757523
SHAPNA,d,20090502,000000,433,433,433,433,1458969
SHAPNA,d,20090503,000000,444,444,444,444,713415
SHAPNA,d,20090504,000000,450,450,450,450,1671794
SHAPNA,d,20090505,000000,464,464,451,464,14111565
SHAPNA,d,20090506,000000,473,477,465,477,5480993
SHAPNA,d,20090509,000000,489,489,489,489,1736500
SHAPNA,d,20090510,000000,503,503,495,499,8264583
SHAPNA,d,20090511,000000,495,499,487,487,3023355
SHAPNA,d,20090512,000000,481,489,475,475,7445628
SHAPNA,d,20090513,000000,474,488,470,476,2159061
SHAPNA,d,20090516,000000,476,476,466,466,3075203
SHAPNA,d,20090517,000000,457,465,453,460,2177653
SHAPNA,d,20090518,000000,461,468,453,456,2215601
SHAPNA,d,20090519,000000,456,463,444,449,1886542
SHAPNA,d,20090520,000000,453,466,453,466,3169249
SHAPNA,d,20090523,000000,478,478,478,478,90435
SHAPNA,d,20090713,000000,431,431,415,418,8253549
SHAPNA,d,20090714,000000,428,431,419,430,1343420
SHAPNA,d,20090715,000000,431,437,429,437,2198905
SHAPNA,d,20090718,000000,436,446,436,439,2149408
SHAPNA,d,20090825,000000,568,568,544,552,31802563
SHAPNA,d,20090826,000000,569,569,556,569,9177507
SHAPNA,d,20090829,000000,585,585,552,568,46547153
SHAPNA,d,20090830,000000,556,560,539,540,4287277
SHAPNA,d,20090831,000000,536,558,534,558,107729042
SHAPNA,d,20090901,000000,569,569,568,569,2888231
SHAPNA,d,20090902,000000,586,586,573,580,3968682
SHAPNA,d,20090905,000000,575,579,567,567,1313453
SHAPNA,d,20090906,000000,556,558,554,554,554748
SHAPNA,d,20090907,000000,549,563,549,549,2264845
SHAPNA,d,20090908,000000,562,562,545,558,848505
SHAPNA,d,20090909,000000,558,567,552,552,906028
SHAPNA,d,20090913,000000,544,552,541,546,829263
SHAPNA,d,20090914,000000,548,548,540,541,808012
SHAPNA,d,20090915,000000,541,541,532,536,2068221
SHAPNA,d,20090916,000000,536,548,536,546,782820
SHAPNA,d,20090919,000000,549,555,549,555,1518741
SHAPNA,d,20090921,000000,567,570,555,568,1995764
SHAPNA,d,20090922,000000,558,583,558,566,5099502
SHAPNA,d,20090923,000000,576,580,566,571,1254970
SHAPNA,d,20090926,000000,557,566,556,556,993850
SHAPNA,d,20090927,000000,556,560,547,547,1007645
SHAPNA,d,20090928,000000,544,551,540,540,298134
SHAPNA,d,20090929,000000,541,556,541,554,314695
SHAPNA,d,20090930,000000,552,564,552,556,450272
SHAPNA,d,20091003,000000,570,570,570,570,1863579
SHAPNA,d,20091004,000000,584,584,556,564,1224789
SHAPNA,d,20091005,000000,560,560,552,556,787391
SHAPNA,d,20091006,000000,552,579,552,575,2556228
SHAPNA,d,20091007,000000,579,590,573,573,23392818
SHAPNA,d,20091010,000000,589,589,575,576,8589922
SHAPNA,d,20091011,000000,582,588,563,563,3137434
SHAPNA,d,20091012,000000,557,557,554,554,787115
SHAPNA,d,20091013,000000,548,580,546,568,8370782
SHAPNA,d,20091017,000000,580,580,550,552,1490812
SHAPNA,d,20091018,000000,563,563,547,548,3007743
SHAPNA,d,20091019,000000,553,560,541,545,1523745
SHAPNA,d,20091020,000000,550,556,548,552,414657
SHAPNA,d,20091021,000000,556,560,546,546,949348
SHAPNA,d,20091024,000000,547,556,547,548,1545026
SHAPNA,d,20091025,000000,546,560,546,553,11943921
SHAPNA,d,20091026,000000,552,552,550,551,560912
SHAPNA,d,20091027,000000,552,552,544,548,1404889
SHAPNA,d,20091028,000000,543,549,542,542,1849013
SHAPNA,d,20091031,000000,549,549,528,528,3217495
SHAPNA,d,20091101,000000,517,517,517,517,162958
SHAPNA,d,20091102,000000,515,515,515,515,50942
SHAPNA,d,20091103,000000,515,515,515,515,3574
SHAPNA,d,20091104,000000,515,515,515,515,154
SHAPNA,d,20091107,000000,512,512,512,512,12122
SHAPNA,d,20091108,000000,512,512,512,512,14559
SHAPNA,d,20091109,000000,512,512,512,512,7463
SHAPNA,d,20091110,000000,512,512,512,512,100
SHAPNA,d,20091111,000000,512,512,512,512,1677386
SHAPNA,d,20091114,000000,494,494,494,494,290702
SHAPNA,d,20091115,000000,491,491,491,491,60577
SHAPNA,d,20091116,000000,490,490,490,490,15338
SHAPNA,d,20091117,000000,490,490,490,490,710705
SHAPNA,d,20091118,000000,483,483,483,483,609981
SHAPNA,d,20091121,000000,477,477,477,477,619690
SHAPNA,d,20091122,000000,470,470,470,470,603290
SHAPNA,d,20091123,000000,464,481,464,475,5088670
SHAPNA,d,20091124,000000,478,483,471,483,1678909
SHAPNA,d,20091125,000000,497,499,465,475,2614971
SHAPNA,d,20091129,000000,475,475,475,475,179301
SHAPNA,d,20091130,000000,473,473,473,473,109024
SHAPNA,d,20091201,000000,472,472,472,472,1535
SHAPNA,d,20091202,000000,472,472,472,472,3368
SHAPNA,d,20091205,000000,472,472,472,472,10000
SHAPNA,d,20091207,000000,472,472,472,472,1339
SHAPNA,d,20091208,000000,472,472,472,472,1090
SHAPNA,d,20091209,000000,472,472,472,472,4420
SHAPNA,d,20091213,000000,472,472,472,472,9237
SHAPNA,d,20091214,000000,472,472,472,472,15
SHAPNA,d,20091215,000000,455,455,455,455,33100
SHAPNA,d,20091216,000000,439,439,439,439,251180
SHAPNA,d,20091219,000000,424,424,424,424,62282
SHAPNA,d,20100216,000000,393,393,368,369,9511598
SHAPNA,d,20100217,000000,373,387,373,374,2036989
SHAPNA,d,20100220,000000,385,385,379,382,3825248
SHAPNA,d,20100221,000000,385,395,383,395,2910894
SHAPNA,d,20100222,000000,402,405,389,390,693367
SHAPNA,d,20100223,000000,393,393,382,385,257149
SHAPNA,d,20100224,000000,393,393,385,387,367005
SHAPNA,d,20100227,000000,384,387,378,378,441927
SHAPNA,d,20100228,000000,378,381,378,378,901851
SHAPNA,d,20100301,000000,388,388,376,377,1204656
SHAPNA,d,20100302,000000,382,389,382,383,426081
SHAPNA,d,20100303,000000,385,388,384,384,405741
SHAPNA,d,20100306,000000,389,390,387,388,762956
SHAPNA,d,20100307,000000,389,399,389,399,1175124
SHAPNA,d,20100308,000000,402,406,402,406,680921
SHAPNA,d,20100309,000000,412,412,412,412,713483
SHAPNA,d,20100310,000000,418,418,418,418,767532
SHAPNA,d,20100313,000000,424,424,415,424,2953240
SHAPNA,d,20100314,000000,434,434,420,424,1583175
SHAPNA,d,20100315,000000,424,425,418,420,1053102
SHAPNA,d,20100316,000000,422,422,408,411,782840
SHAPNA,d,20100317,000000,414,427,409,422,528419
SHAPNA,d,20100327,000000,411,431,411,431,358867
SHAPNA,d,20100328,000000,434,434,431,434,959951
SHAPNA,d,20100329,000000,443,443,442,443,2338369
SHAPNA,d,20100330,000000,443,443,438,442,422102
SHAPNA,d,20100331,000000,438,458,438,458,1289276
SHAPNA,d,20100403,000000,459,468,459,468,2421374
SHAPNA,d,20100404,000000,479,479,453,463,1336603
SHAPNA,d,20100405,000000,458,463,449,449,512168
SHAPNA,d,20100406,000000,463,470,455,463,539277
SHAPNA,d,20100407,000000,467,469,454,454,1173334
SHAPNA,d,20100410,000000,460,460,445,445,1803265
SHAPNA,d,20100411,000000,443,454,436,436,634718
SHAPNA,d,20100412,000000,438,438,429,429,1552745
SHAPNA,d,20100413,000000,419,428,415,415,1497903
SHAPNA,d,20100414,000000,405,406,404,404,976845
SHAPNA,d,20100417,000000,396,396,396,396,1433559
SHAPNA,d,20100418,000000,387,411,387,411,1457377
SHAPNA,d,20100419,000000,421,422,406,410,1976947
SHAPNA,d,20100420,000000,413,414,405,407,1114522
SHAPNA,d,20100421,000000,410,411,398,403,540449
SHAPNA,d,20100424,000000,408,410,403,403,612954
SHAPNA,d,20100425,000000,407,407,402,405,705845
SHAPNA,d,20100426,000000,406,420,406,420,1011121
SHAPNA,d,20100427,000000,429,429,429,429,1061973
SHAPNA,d,20100428,000000,438,438,438,438,1779431
SHAPNA,d,20100501,000000,446,448,431,446,3210374
SHAPNA,d,20100502,000000,445,446,430,430,1521530
SHAPNA,d,20100503,000000,430,434,424,432,827073
SHAPNA,d,20100504,000000,430,448,429,448,1395616
SHAPNA,d,20100505,000000,454,457,428,440,2242854
SHAPNA,d,20100508,000000,433,446,433,433,898786
SHAPNA,d,20100509,000000,438,438,430,430,587787
SHAPNA,d,20100510,000000,434,439,432,434,261114
SHAPNA,d,20100511,000000,432,437,424,428,340443
SHAPNA,d,20100512,000000,426,430,424,428,280230
SHAPNA,d,20100515,000000,436,436,425,426,279348
SHAPNA,d,20100516,000000,424,428,424,426,286563
SHAPNA,d,20100518,000000,429,429,419,423,316232
SHAPNA,d,20100519,000000,419,419,415,417,649319
SHAPNA,d,20100522,000000,422,423,416,417,117577
SHAPNA,d,20100523,000000,417,419,416,419,48320
SHAPNA,d,20100620,000000,371,373,360,370,1155604
SHAPNA,d,20100621,000000,371,381,371,381,615494
SHAPNA,d,20100622,000000,386,386,386,386,254843
SHAPNA,d,20100623,000000,388,388,388,388,405786
SHAPNA,d,20100627,000000,391,391,391,391,54834
SHAPNA,d,20100628,000000,394,394,394,394,39790
SHAPNA,d,20100629,000000,394,394,382,384,1554879
SHAPNA,d,20100630,000000,385,385,378,382,289218
SHAPNA,d,20100703,000000,389,389,377,381,313656
SHAPNA,d,20100704,000000,378,380,377,377,180683
SHAPNA,d,20100705,000000,377,381,373,381,214780
SHAPNA,d,20100706,000000,381,381,376,378,288136
SHAPNA,d,20100707,000000,379,381,378,381,180670
SHAPNA,d,20100711,000000,383,393,383,386,239137
SHAPNA,d,20100725,000000,424,438,424,435,1374483
SHAPNA,d,20100726,000000,444,444,419,432,1096243
SHAPNA,d,20100728,000000,431,431,419,423,605219
SHAPNA,d,20100731,000000,424,424,411,412,653371
SHAPNA,d,20100801,000000,416,422,412,415,616270
SHAPNA,d,20100802,000000,422,434,417,429,780992
SHAPNA,d,20100803,000000,433,439,433,439,1419621
SHAPNA,d,20100804,000000,444,446,436,445,961221
SHAPNA,d,20100807,000000,448,449,440,441,523298
SHAPNA,d,20100808,000000,441,445,435,443,624496
SHAPNA,d,20100809,000000,444,459,444,459,945106
SHAPNA,d,20100810,000000,465,465,465,465,179847
SHAPNA,d,20100811,000000,467,467,448,448,1076806
SHAPNA,d,20100814,000000,453,453,439,444,983200
SHAPNA,d,20100815,000000,443,443,431,436,225728
SHAPNA,d,20100816,000000,432,444,432,440,375745
SHAPNA,d,20100817,000000,439,448,434,448,573500
SHAPNA,d,20100818,000000,448,461,444,461,864704
SHAPNA,d,20100821,000000,470,470,470,470,282578
SHAPNA,d,20100822,000000,473,473,473,473,946554
SHAPNA,d,20100823,000000,484,484,484,484,1415708
SHAPNA,d,20100824,000000,490,500,475,477,2659970
SHAPNA,d,20100825,000000,477,482,472,472,943776
SHAPNA,d,20100828,000000,473,481,472,478,611552
SHAPNA,d,20100829,000000,478,499,478,494,2111576
SHAPNA,d,20100830,000000,498,499,486,487,693016
SHAPNA,d,20100831,000000,492,506,492,502,1266492
SHAPNA,d,20100904,000000,520,520,520,520,359991
SHAPNA,d,20100905,000000,520,520,502,515,3332970
SHAPNA,d,20100906,000000,513,521,511,514,1177249
SHAPNA,d,20100907,000000,521,521,492,497,558864
SHAPNA,d,20100908,000000,490,505,490,499,628376
SHAPNA,d,20100912,000000,497,500,485,485,438410
SHAPNA,d,20100913,000000,492,492,482,482,1163786
SHAPNA,d,20100914,000000,482,483,474,476,363864
SHAPNA,d,20100915,000000,482,485,478,482,316218
SHAPNA,d,20100918,000000,482,492,477,482,346504
SHAPNA,d,20100919,000000,485,485,465,468,600806
SHAPNA,d,20100920,000000,470,473,468,469,2126922
SHAPNA,d,20100921,000000,468,487,466,476,365961
SHAPNA,d,20100922,000000,477,484,477,481,360788
SHAPNA,d,20100925,000000,483,487,478,478,231246
SHAPNA,d,20100926,000000,477,482,457,457,493361
SHAPNA,d,20100927,000000,468,472,464,468,404658
SHAPNA,d,20100928,000000,468,475,458,458,300051
SHAPNA,d,20100929,000000,471,471,468,468,289447
SHAPNA,d,20101002,000000,482,490,474,478,833471
SHAPNA,d,20101003,000000,480,480,468,471,3060665
SHAPNA,d,20101005,000000,479,479,470,471,131011
SHAPNA,d,20101006,000000,470,473,459,459,231121
SHAPNA,d,20101009,000000,461,462,455,456,154715
SHAPNA,d,20101010,000000,458,458,450,453,746520
SHAPNA,d,20101011,000000,444,445,442,442,439338
SHAPNA,d,20101012,000000,444,444,438,438,768517
SHAPNA,d,20101013,000000,430,430,430,430,207820
SHAPNA,d,20101016,000000,428,437,428,428,661932
SHAPNA,d,20101017,000000,425,444,425,442,261200
SHAPNA,d,20101018,000000,440,457,440,449,1196068
SHAPNA,d,20101019,000000,460,460,442,442,522103
SHAPNA,d,20101020,000000,442,442,439,440,270069
SHAPNA,d,20101023,000000,439,448,439,444,210895
SHAPNA,d,20101024,000000,442,442,430,433,311595
SHAPNA,d,20101025,000000,430,430,427,427,730788
SHAPNA,d,20101026,000000,439,443,423,424,217684
SHAPNA,d,20101027,000000,423,431,420,428,625824
SHAPNA,d,20101030,000000,431,448,431,437,691823
SHAPNA,d,20101031,000000,454,454,442,444,295135
SHAPNA,d,20101101,000000,435,442,432,434,95277
SHAPNA,d,20101102,000000,435,442,435,441,137456
SHAPNA,d,20101103,000000,441,449,441,448,228831
SHAPNA,d,20101106,000000,443,453,443,445,195237
SHAPNA,d,20101107,000000,450,452,440,440,250689
SHAPNA,d,20101108,000000,440,442,439,440,492614
SHAPNA,d,20101109,000000,442,458,440,458,1845219
SHAPNA,d,20101110,000000,475,475,463,475,5019463
SHAPNA,d,20101113,000000,485,485,456,456,2443554
SHAPNA,d,20101114,000000,453,472,453,453,1093995
SHAPNA,d,20101115,000000,458,458,444,444,1554629
SHAPNA,d,20101116,000000,444,445,434,438,1041292
SHAPNA,d,20101120,000000,439,441,434,434,748951
SHAPNA,d,20101121,000000,434,438,431,433,867975
SHAPNA,d,20101122,000000,434,436,433,435,250170
SHAPNA,d,20101123,000000,433,436,431,431,370082
SHAPNA,d,20101124,000000,432,432,424,429,640745
SHAPNA,d,20101127,000000,430,434,429,429,297892
SHAPNA,d,20101128,000000,430,436,429,429,229709
SHAPNA,d,20101129,000000,431,431,416,419,722662
SHAPNA,d,20101130,000000,424,424,420,420,272345
SHAPNA,d,20101201,000000,424,424,420,424,262833
SHAPNA,d,20101204,000000,427,431,418,421,445513
SHAPNA,d,20101205,000000,420,422,411,415,316093
SHAPNA,d,20101206,000000,415,417,415,415,354271
SHAPNA,d,20101207,000000,415,417,413,415,207532
SHAPNA,d,20101208,000000,415,429,415,422,185530
SHAPNA,d,20101211,000000,422,428,421,428,257356
SHAPNA,d,20101212,000000,430,430,424,424,106809
SHAPNA,d,20101213,000000,426,426,423,424,191784
SHAPNA,d,20101214,000000,426,426,422,424,162820
SHAPNA,d,20101218,000000,422,425,419,419,310990
SHAPNA,d,20101219,000000,418,418,405,405,694453
SHAPNA,d,20101220,000000,415,420,410,410,265965
SHAPNA,d,20101221,000000,415,415,406,407,224341
SHAPNA,d,20101222,000000,409,422,409,415,411481
SHAPNA,d,20101225,000000,431,431,431,431,91110
SHAPNA,d,20101226,000000,432,432,432,432,63078
SHAPNA,d,20101227,000000,433,433,433,433,12368
SHAPNA,d,20101228,000000,433,433,433,433,15000
SHAPNA,d,20101229,000000,433,433,433,433,10
SHAPNA,d,20110101,000000,450,468,450,450,1837485
SHAPNA,d,20110102,000000,442,451,439,442,735436
SHAPNA,d,20110103,000000,444,444,436,443,183462
SHAPNA,d,20110104,000000,443,446,439,444,323963
SHAPNA,d,20110105,000000,444,453,442,448,324226
SHAPNA,d,20110108,000000,445,467,445,467,1472824
SHAPNA,d,20110109,000000,477,481,468,481,1463857
SHAPNA,d,20110110,000000,482,486,455,464,963805
SHAPNA,d,20110111,000000,450,472,450,468,673458
SHAPNA,d,20110112,000000,459,468,459,462,544218
SHAPNA,d,20110115,000000,461,461,452,452,245950
SHAPNA,d,20110116,000000,452,467,452,464,553031
SHAPNA,d,20110117,000000,465,466,456,457,96974
SHAPNA,d,20110118,000000,453,460,453,458,198523
SHAPNA,d,20110119,000000,458,472,458,467,382037
SHAPNA,d,20110122,000000,463,470,460,463,408031
SHAPNA,d,20110123,000000,470,482,460,482,883986
SHAPNA,d,20110124,000000,482,487,482,487,830759
SHAPNA,d,20110126,000000,495,496,492,496,523353
SHAPNA,d,20110129,000000,502,502,482,488,1280792
SHAPNA,d,20110130,000000,485,495,477,492,1923037
SHAPNA,d,20110205,000000,501,502,496,499,1005865
SHAPNA,d,20110206,000000,482,493,482,490,452828
SHAPNA,d,20110207,000000,492,512,491,512,2226123
SHAPNA,d,20110208,000000,528,528,528,528,2734057
SHAPNA,d,20110209,000000,542,549,541,549,3101641
SHAPNA,d,20110212,000000,570,570,570,570,1690860
SHAPNA,d,20110213,000000,592,592,559,564,6075088
SHAPNA,d,20110214,000000,574,579,561,567,3124955
SHAPNA,d,20110215,000000,564,569,559,560,1533401
SHAPNA,d,20110216,000000,559,559,548,555,785866
SHAPNA,d,20110219,000000,552,555,545,545,1055224
SHAPNA,d,20110220,000000,545,550,535,542,1034278
SHAPNA,d,20110305,000000,542,559,540,552,324503
SHAPNA,d,20110306,000000,550,555,530,530,328918
SHAPNA,d,20110307,000000,527,530,526,527,298648
SHAPNA,d,20110308,000000,525,525,520,523,660904
SHAPNA,d,20110309,000000,525,555,525,534,1530024
SHAPNA,d,20110312,000000,536,545,524,524,1781388
SHAPNA,d,20110313,000000,521,528,520,527,372600
SHAPNA,d,20110314,000000,527,545,525,526,942931
SHAPNA,d,20110315,000000,541,549,539,540,1530294
SHAPNA,d,20110316,000000,550,564,530,530,1879338
SHAPNA,d,20110319,000000,550,559,549,550,3176568
SHAPNA,d,20110326,000000,558,572,558,572,1315852
SHAPNA,d,20110327,000000,579,590,556,556,657217
SHAPNA,d,20110328,000000,560,569,556,566,738288
SHAPNA,d,20110329,000000,569,569,556,559,579773
SHAPNA,d,20110330,000000,569,578,556,557,877983
SHAPNA,d,20110403,000000,571,588,571,584,1463171
SHAPNA,d,20110404,000000,585,606,585,606,1961030
SHAPNA,d,20110405,000000,627,627,594,595,903464
SHAPNA,d,20110406,000000,589,601,584,588,2563062
SHAPNA,d,20110409,000000,593,613,580,589,1081132
SHAPNA,d,20110410,000000,580,590,576,581,403801
SHAPNA,d,20110411,000000,584,598,576,577,630992
SHAPNA,d,20110412,000000,579,585,570,570,548355
SHAPNA,d,20110413,000000,570,580,566,571,535242
SHAPNA,d,20110416,000000,584,588,572,578,913735
SHAPNA,d,20110417,000000,579,579,566,567,182864
SHAPNA,d,20110418,000000,567,569,560,561,389507
SHAPNA,d,20110419,000000,560,566,551,553,442069
SHAPNA,d,20110420,000000,546,559,546,552,1327203
SHAPNA,d,20110423,000000,555,574,555,564,687943
SHAPNA,d,20110424,000000,574,574,550,550,98363
SHAPNA,d,20110425,000000,550,556,540,540,384261
SHAPNA,d,20110426,000000,542,550,541,541,169238
SHAPNA,d,20110427,000000,541,543,533,539,462792
SHAPNA,d,20110430,000000,532,532,527,527,1604302
SHAPNA,d,20110501,000000,507,520,507,511,580174
SHAPNA,d,20110502,000000,543,543,543,543,132000
SHAPNA,d,20110503,000000,545,545,534,534,378270
SHAPNA,d,20110504,000000,513,540,513,539,139078
SHAPNA,d,20110508,000000,539,540,507,521,201600
SHAPNA,d,20110509,000000,518,535,518,530,75134
SHAPNA,d,20110510,000000,549,549,538,549,1522767
SHAPNA,d,20110511,000000,548,548,532,536,124542
SHAPNA,d,20110514,000000,543,567,543,558,35959
SHAPNA,d,20110515,000000,545,550,536,540,180584
SHAPNA,d,20110516,000000,535,546,535,536,291302
SHAPNA,d,20110521,000000,523,530,523,530,75880
SHAPNA,d,20110522,000000,544,544,523,530,80925
SHAPNA,d,20110523,000000,530,531,522,531,344655
SHAPNA,d,20110524,000000,526,533,525,527,741218
SHAPNA,d,20110525,000000,526,530,521,530,1367715
SHAPNA,d,20110528,000000,521,524,507,511,327175
SHAPNA,d,20110529,000000,518,522,511,521,1562226
SHAPNA,d,20110530,000000,500,521,500,513,268618
SHAPNA,d,20110531,000000,519,530,519,522,436256
SHAPNA,d,20110601,000000,521,521,512,513,80942
SHAPNA,d,20110606,000000,523,527,521,521,165144
SHAPNA,d,20110607,000000,513,530,512,527,184532
SHAPNA,d,20110608,000000,525,530,511,530,283658
SHAPNA,d,20110611,000000,516,520,516,516,203383
SHAPNA,d,20110612,000000,516,529,516,529,362194
SHAPNA,d,20110613,000000,522,522,514,514,197885
SHAPNA,d,20110614,000000,511,511,501,501,1039734
SHAPNA,d,20110615,000000,501,501,493,493,539272
SHAPNA,d,20110618,000000,489,516,489,508,479710
SHAPNA,d,20110619,000000,496,511,496,506,50728
SHAPNA,d,20110620,000000,502,511,502,511,136162
SHAPNA,d,20110621,000000,511,514,502,511,102756
SHAPNA,d,20110622,000000,509,511,504,511,669990
SHAPNA,d,20110625,000000,511,511,504,504,670385
SHAPNA,d,20110712,000000,516,529,489,489,2633747
SHAPNA,d,20110713,000000,492,492,473,482,1401803
SHAPNA,d,20110716,000000,474,480,468,473,29057
SHAPNA,d,20110718,000000,469,480,469,469,191613
SHAPNA,d,20110725,000000,461,461,455,455,209674
SHAPNA,d,20110726,000000,461,466,455,460,171662
SHAPNA,d,20110727,000000,465,465,445,450,152403
SHAPNA,d,20110730,000000,456,456,441,441,1416753
SHAPNA,d,20110731,000000,438,445,426,426,1112686
SHAPNA,d,20110801,000000,439,450,439,445,126843
SHAPNA,d,20110802,000000,446,446,441,446,63468
SHAPNA,d,20110803,000000,441,452,441,452,39552
SHAPNA,d,20110806,000000,452,452,440,445,223190
SHAPNA,d,20110807,000000,439,449,432,449,116050
SHAPNA,d,20110808,000000,450,453,436,442,148430
SHAPNA,d,20110813,000000,453,453,434,435,52914
SHAPNA,d,20110814,000000,436,439,434,435,54374
SHAPNA,d,20110815,000000,437,437,431,432,250538
SHAPNA,d,20110816,000000,431,431,427,427,272737
SHAPNA,d,20110817,000000,429,429,428,428,211307
SHAPNA,d,20110820,000000,429,431,425,425,145277
SHAPNA,d,20110821,000000,431,431,426,429,168906
SHAPNA,d,20110823,000000,432,439,432,439,26841
SHAPNA,d,20110824,000000,445,451,439,451,4251758
SHAPNA,d,20110827,000000,453,453,435,439,104811
SHAPNA,d,20110828,000000,437,439,435,435,28926
SHAPNA,d,20110829,000000,435,445,435,445,40952
SHAPNA,d,20110830,000000,437,450,437,439,34604
SHAPNA,d,20110903,000000,439,441,439,439,116400
SHAPNA,d,20110904,000000,440,444,440,444,129062
SHAPNA,d,20110905,000000,447,458,447,457,148746
SHAPNA,d,20110906,000000,457,459,448,448,93010
SHAPNA,d,20110907,000000,455,455,440,446,269714
SHAPNA,d,20110910,000000,455,455,444,445,119573
SHAPNA,d,20110911,000000,457,457,445,448,53855
SHAPNA,d,20110912,000000,450,452,447,450,57366
SHAPNA,d,20110913,000000,457,457,445,445,172423
SHAPNA,d,20110914,000000,445,449,431,434,239473
SHAPNA,d,20110917,000000,440,447,437,437,106943
SHAPNA,d,20110918,000000,437,446,436,440,98300
SHAPNA,d,20110919,000000,445,445,440,445,213775
SHAPNA,d,20110920,000000,439,452,439,443,154105
SHAPNA,d,20110921,000000,451,451,441,442,44326
SHAPNA,d,20110925,000000,439,448,439,447,39152
SHAPNA,d,20110926,000000,441,441,434,436,36935
SHAPNA,d,20110927,000000,439,442,438,440,98941
SHAPNA,d,20110928,000000,441,448,439,446,77662
SHAPNA,d,20111001,000000,448,461,447,461,916757
SHAPNA,d,20111002,000000,467,468,456,459,284864
SHAPNA,d,20111003,000000,461,464,456,459,243549
SHAPNA,d,20111004,000000,459,459,448,448,499038
SHAPNA,d,20111005,000000,459,459,450,455,181071
SHAPNA,d,20111008,000000,455,455,447,448,42071
SHAPNA,d,20111009,000000,448,450,447,447,116062
SHAPNA,d,20111010,000000,450,454,442,443,204593
SHAPNA,d,20111011,000000,444,451,444,444,235301
SHAPNA,d,20111012,000000,448,454,444,444,318932
SHAPNA,d,20111015,000000,454,454,445,445,78468
SHAPNA,d,20111016,000000,444,445,434,438,298084
SHAPNA,d,20111017,000000,436,439,433,433,137033
SHAPNA,d,20111018,000000,436,448,433,434,187378
SHAPNA,d,20111019,000000,434,441,434,440,367929
SHAPNA,d,20111022,000000,439,445,435,439,445094
SHAPNA,d,20111023,000000,438,438,435,435,255639
SHAPNA,d,20111024,000000,435,440,434,440,610216
SHAPNA,d,20111025,000000,439,440,436,439,523349
SHAPNA,d,20111026,000000,444,445,438,439,160246
SHAPNA,d,20111029,000000,439,439,434,439,135882
SHAPNA,d,20111030,000000,435,439,435,439,220949
SHAPNA,d,20111031,000000,438,440,438,439,123088
SHAPNA,d,20111101,000000,439,439,437,439,272334
SHAPNA,d,20111102,000000,439,447,439,439,93293
SHAPNA,d,20111105,000000,441,441,439,439,87100
SHAPNA,d,20111106,000000,438,439,434,436,298023
SHAPNA,d,20111108,000000,436,436,430,434,415244
SHAPNA,d,20111109,000000,431,441,431,435,161833
SHAPNA,d,20111112,000000,434,439,434,439,158698
SHAPNA,d,20111113,000000,435,439,435,439,62760
SHAPNA,d,20111114,000000,436,439,436,436,46537
SHAPNA,d,20111116,000000,436,439,429,439,162754
SHAPNA,d,20111119,000000,437,440,437,437,14245
SHAPNA,d,20111120,000000,435,435,430,434,236862
SHAPNA,d,20111121,000000,434,437,434,434,139919
SHAPNA,d,20111122,000000,431,431,427,429,719089
SHAPNA,d,20111123,000000,429,429,424,424,578501
SHAPNA,d,20111126,000000,418,427,418,420,188987
SHAPNA,d,20111127,000000,418,419,418,418,616844
SHAPNA,d,20111128,000000,416,419,416,418,87862
SHAPNA,d,20111129,000000,419,420,410,413,340393
SHAPNA,d,20111130,000000,413,421,413,418,79322
SHAPNA,d,20111203,000000,414,418,414,418,58435
SHAPNA,d,20111204,000000,419,439,419,432,94103
SHAPNA,d,20111207,000000,434,438,434,437,622336
SHAPNA,d,20111210,000000,439,439,434,434,531224
SHAPNA,d,20111211,000000,431,438,424,429,114537
SHAPNA,d,20111212,000000,426,429,425,425,65142
SHAPNA,d,20111213,000000,429,429,425,429,448729
SHAPNA,d,20111214,000000,425,431,425,429,108520
SHAPNA,d,20111217,000000,429,434,429,430,50367
SHAPNA,d,20111218,000000,426,432,426,426,182952
SHAPNA,d,20111219,000000,430,430,418,418,63742
SHAPNA,d,20111220,000000,419,428,419,428,115687
SHAPNA,d,20111221,000000,419,420,419,419,325934
SHAPNA,d,20111224,000000,418,423,418,423,61511
SHAPNA,d,20111225,000000,423,424,421,424,20482
SHAPNA,d,20111226,000000,424,424,423,423,100092
SHAPNA,d,20111227,000000,423,424,423,423,77615
SHAPNA,d,20111228,000000,412,424,412,423,149885
SHAPNA,d,20111231,000000,418,419,418,419,21210
SHAPNA,d,20120101,000000,426,429,422,422,342182
SHAPNA,d,20120102,000000,427,429,423,423,77711
SHAPNA,d,20120103,000000,428,434,426,429,680906
SHAPNA,d,20120104,000000,429,438,429,431,195101
SHAPNA,d,20120107,000000,429,432,418,425,125503
SHAPNA,d,20120108,000000,423,427,421,421,35965
SHAPNA,d,20120109,000000,428,434,423,426,299076
SHAPNA,d,20120110,000000,433,445,433,445,1504763
SHAPNA,d,20120111,000000,459,460,450,460,1540802
SHAPNA,d,20120115,000000,476,476,467,476,521357
SHAPNA,d,20120116,000000,481,481,481,481,56450
SHAPNA,d,20120117,000000,482,482,461,482,5352829
SHAPNA,d,20120118,000000,492,501,481,501,2155148
SHAPNA,d,20120121,000000,514,519,513,519,1884088
SHAPNA,d,20120123,000000,534,539,520,539,7105674
SHAPNA,d,20120125,000000,537,555,520,540,2444026
SHAPNA,d,20120128,000000,536,546,524,546,4267787
SHAPNA,d,20120129,000000,514,555,514,551,1800569
SHAPNA,d,20120130,000000,543,554,530,536,1519612
SHAPNA,d,20120131,000000,533,536,527,530,599800
SHAPNA,d,20120201,000000,525,533,525,528,390083
SHAPNA,d,20120204,000000,535,536,526,529,161596
SHAPNA,d,20120205,000000,526,527,521,527,490762
SHAPNA,d,20120206,000000,519,527,519,525,594080
SHAPNA,d,20120207,000000,521,525,521,525,208582
SHAPNA,d,20120208,000000,525,525,521,525,423525
SHAPNA,d,20120212,000000,523,526,523,525,315591
SHAPNA,d,20120213,000000,526,526,515,526,738458
SHAPNA,d,20120214,000000,526,526,521,525,627918
SHAPNA,d,20120215,000000,521,525,519,525,1123302
SHAPNA,d,20120218,000000,525,525,520,525,238691
SHAPNA,d,20120219,000000,525,529,520,525,263031
SHAPNA,d,20120220,000000,525,530,525,527,52435
SHAPNA,d,20120221,000000,530,530,520,525,288969
SHAPNA,d,20120222,000000,530,530,521,525,192001
SHAPNA,d,20120225,000000,528,528,507,525,296416
SHAPNA,d,20120303,000000,544,544,544,544,13352
SHAPNA,d,20120304,000000,545,545,545,545,1606295
SHAPNA,d,20120305,000000,566,566,566,566,1663138
SHAPNA,d,20120306,000000,588,588,567,572,7488327
SHAPNA,d,20120307,000000,573,578,568,573,437027
SHAPNA,d,20120310,000000,565,575,564,564,210448
SHAPNA,d,20120311,000000,568,569,561,564,399258
SHAPNA,d,20120312,000000,556,556,554,554,451883
SHAPNA,d,20120313,000000,554,564,548,553,95556
SHAPNA,d,20120314,000000,554,589,554,574,564654
SHAPNA,d,20120317,000000,585,594,579,594,1554887
SHAPNA,d,20120318,000000,587,612,587,612,779683
SHAPNA,d,20120324,000000,611,621,611,621,665333
SHAPNA,d,20120325,000000,621,621,585,600,258738
SHAPNA,d,20120326,000000,600,600,581,589,372152
SHAPNA,d,20120327,000000,600,603,584,595,296061
SHAPNA,d,20120328,000000,585,589,575,579,1384192
SHAPNA,d,20120402,000000,588,588,575,580,64475
SHAPNA,d,20120403,000000,579,579,565,568,122555
SHAPNA,d,20120404,000000,582,582,558,568,423362
SHAPNA,d,20120407,000000,579,584,560,573,286427
SHAPNA,d,20120408,000000,572,601,572,588,2468529
SHAPNA,d,20120409,000000,579,600,579,586,356349
SHAPNA,d,20120410,000000,593,593,580,586,49864
SHAPNA,d,20120411,000000,589,598,583,590,226865
SHAPNA,d,20120414,000000,595,595,585,585,245691
SHAPNA,d,20120415,000000,598,611,584,595,478135
SHAPNA,d,20120416,000000,594,594,577,579,356339
SHAPNA,d,20120417,000000,576,589,576,589,251885
SHAPNA,d,20120418,000000,595,600,589,596,454706
SHAPNA,d,20120421,000000,589,602,579,589,276101
SHAPNA,d,20120422,000000,589,589,575,589,142062
SHAPNA,d,20120423,000000,614,614,600,608,2040519
SHAPNA,d,20120424,000000,609,609,597,601,85030
SHAPNA,d,20120428,000000,600,600,587,587,1143722
SHAPNA,d,20120429,000000,574,584,574,584,42018
SHAPNA,d,20120430,000000,584,598,583,598,199371
SHAPNA,d,20120501,000000,589,596,583,596,112940
SHAPNA,d,20120502,000000,589,589,589,589,61474
SHAPNA,d,20120505,000000,592,592,572,584,103778
SHAPNA,d,20120506,000000,575,589,575,589,108405
SHAPNA,d,20120507,000000,579,600,573,589,204331
SHAPNA,d,20120508,000000,590,598,590,591,174331
SHAPNA,d,20120509,000000,589,589,579,584,107351
SHAPNA,d,20120512,000000,579,587,577,583,213372
SHAPNA,d,20120513,000000,589,589,569,589,59923
SHAPNA,d,20120514,000000,584,584,576,577,95259
SHAPNA,d,20120515,000000,587,587,573,573,139254
SHAPNA,d,20120516,000000,589,589,579,579,35809
SHAPNA,d,20130209,000000,1986,2066,1974,2015,12784782
SHAPNA,d,20130211,000000,1999,2074,1938,2028,3958577
SHAPNA,d,20130212,000000,2100,2100,2053,2100,16260281
SHAPNA,d,20130213,000000,2184,2184,2167,2184,5921965
SHAPNA,d,20130216,000000,2271,2271,2271,2271,1689522
SHAPNA,d,20130217,000000,2362,2362,2301,2361,24833515
SHAPNA,d,20130218,000000,2370,2450,2359,2370,5746166
SHAPNA,d,20130219,000000,2371,2371,2308,2308,5578818
SHAPNA,d,20130220,000000,2290,2406,2288,2371,7135644
SHAPNA,d,20130223,000000,2365,2460,2356,2460,15389779
SHAPNA,d,20130224,000000,2468,2550,2355,2359,9535704
SHAPNA,d,20130225,000000,2365,2388,2365,2365,2168631
SHAPNA,d,20130311,000000,2528,2528,2438,2456,6924681
SHAPNA,d,20130312,000000,2432,2504,2386,2456,4110315
SHAPNA,d,20130313,000000,2516,2546,2480,2492,13603025
SHAPNA,d,20130316,000000,2480,2492,2422,2422,1931229
SHAPNA,d,20130317,000000,2341,2408,2341,2395,24844123
SHAPNA,d,20130318,000000,2382,2449,2377,2449,59226130
SHAPNA,d,20130325,000000,2517,2517,2517,2517,1664903
SHAPNA,d,20130326,000000,2617,2617,2617,2617,1664903
SHAPNA,d,20130327,000000,2722,2722,2660,2722,14316262
SHAPNA,d,20130330,000000,2719,2757,2624,2748,3648537
SHAPNA,d,20130331,000000,2757,2805,2709,2764,4797329
SHAPNA,d,20130403,000000,2769,2871,2733,2813,2309956
SHAPNA,d,20130406,000000,2769,2871,2745,2752,2066108
SHAPNA,d,20130407,000000,2769,2781,2685,2753,2754581
SHAPNA,d,20130408,000000,2769,2844,2769,2844,13864380
SHAPNA,d,20130409,000000,2924,2949,2881,2881,7329962
SHAPNA,d,20130410,000000,2793,2886,2793,2813,3891934
SHAPNA,d,20130413,000000,2793,2793,2737,2781,3258549
SHAPNA,d,20130415,000000,2753,2839,2697,2818,3521299
SHAPNA,d,20130416,000000,2829,2919,2799,2919,16405678
SHAPNA,d,20130417,000000,2937,2997,2868,2889,6996965
SHAPNA,d,20130420,000000,2998,3022,2951,3021,9985777
SHAPNA,d,20130421,000000,3040,3057,2925,2957,2580172
SHAPNA,d,20130422,000000,3010,3026,2969,2989,6288342
SHAPNA,d,20130423,000000,2998,3038,2913,2998,7798990
SHAPNA,d,20130424,000000,3010,3106,3010,3106,6650700
SHAPNA,d,20130427,000000,3218,3218,3218,3218,3950800
SHAPNA,d,20130428,000000,3347,3347,3250,3347,14052374
SHAPNA,d,20130430,000000,3612,3612,3467,3467,9466752
SHAPNA,d,20130501,000000,3491,3638,3491,3638,13020449
SHAPNA,d,20130504,000000,3768,3772,3483,3503,9505015
SHAPNA,d,20130505,000000,3551,3551,3509,3509,5880508
SHAPNA,d,20130506,000000,3496,3563,3372,3372,7947055
SHAPNA,d,20130507,000000,3407,3407,3297,3297,1431735
SHAPNA,d,20130508,000000,3199,3199,3199,3199,264613
SHAPNA,d,20130511,000000,3244,3444,3190,3444,4233575
SHAPNA,d,20130512,000000,3491,3491,3222,3262,10358647
SHAPNA,d,20130513,000000,3216,3250,3216,3216,2056379
SHAPNA,d,20130514,000000,3087,3087,3087,3087,3737578
SHAPNA,d,20130515,000000,3010,3211,2964,2985,9294694
SHAPNA,d,20130518,000000,2973,3009,2921,2921,951715
SHAPNA,d,20130519,000000,2861,3070,2861,3022,7046453
SHAPNA,d,20130520,000000,2998,3021,2973,3021,4012964
SHAPNA,d,20130521,000000,3094,3125,2937,2947,4581276
SHAPNA,d,20130522,000000,2908,3046,2902,3016,2681858
SHAPNA,d,20130525,000000,3028,3078,2998,3078,1473386
SHAPNA,d,20130526,000000,3185,3185,3185,3185,2506522
SHAPNA,d,20130527,000000,3214,3250,3113,3166,6244853
SHAPNA,d,20130528,000000,3166,3235,3130,3157,2496909
SHAPNA,d,20130529,000000,3190,3207,3142,3160,2609326
SHAPNA,d,20130601,000000,3178,3178,3042,3070,3608827
SHAPNA,d,20130602,000000,3052,3166,3046,3094,1283583
SHAPNA,d,20130603,000000,3070,3205,3010,3078,2929283
SHAPNA,d,20130608,000000,3046,3070,3010,3010,1489642
SHAPNA,d,20130609,000000,2974,3045,2974,2992,1756933
SHAPNA,d,20130610,000000,2955,3075,2955,3058,1191515
SHAPNA,d,20130611,000000,3111,3131,3070,3124,1669808
SHAPNA,d,20130612,000000,3046,3106,3034,3064,1797589
SHAPNA,d,20130615,000000,3154,3178,3142,3178,2240983
SHAPNA,d,20130616,000000,3304,3304,3193,3303,4608847
SHAPNA,d,20130617,000000,3335,3335,3250,3277,2725757
SHAPNA,d,20130618,000000,3303,3427,3303,3427,5043790
SHAPNA,d,20130619,000000,3539,3539,3431,3446,1667679
SHAPNA,d,20130622,000000,3479,3480,3316,3316,1694187
SHAPNA,d,20130623,000000,3250,3395,3250,3286,1532190
SHAPNA,d,20130625,000000,3335,3370,3274,3328,692025
SHAPNA,d,20130626,000000,3418,3450,3416,3450,1727368
SHAPNA,d,20130629,000000,3583,3583,3485,3491,8161353
SHAPNA,d,20130630,000000,3483,3606,3456,3533,5451244
SHAPNA,d,20130701,000000,3575,3575,3467,3468,2816501
SHAPNA,d,20130702,000000,3491,3491,3419,3430,2002523
SHAPNA,d,20130703,000000,3483,3579,3444,3479,5240575
SHAPNA,d,20130706,000000,3588,3648,3563,3611,4909269
SHAPNA,d,20130909,000000,3430,3430,3340,3378,4648613
SHAPNA,d,20130910,000000,3531,3531,3510,3531,2087670
SHAPNA,d,20130911,000000,3670,3670,3586,3606,5950946
SHAPNA,d,20130914,000000,3648,3648,3502,3578,3254649
SHAPNA,d,20130915,000000,3559,3591,3404,3417,2320311
SHAPNA,d,20130916,000000,3467,3546,3398,3495,1924778
SHAPNA,d,20130917,000000,3527,3596,3404,3426,2076609
SHAPNA,d,20130918,000000,3520,3520,3404,3417,5460362
SHAPNA,d,20130921,000000,3467,3469,3391,3456,3721768
SHAPNA,d,20130922,000000,3295,3417,3295,3404,3477810
SHAPNA,d,20130923,000000,3417,3515,3380,3515,6129321
SHAPNA,d,20130924,000000,3585,3585,3456,3475,2001347
SHAPNA,d,20130925,000000,3526,3533,3488,3510,2882814
SHAPNA,d,20130928,000000,3598,3617,3553,3572,2097338
SHAPNA,d,20130929,000000,3611,3737,3585,3737,11009333
SHAPNA,d,20130930,000000,3856,3863,3762,3856,10024926
SHAPNA,d,20131001,000000,3929,3978,3836,3933,4491861
SHAPNA,d,20131002,000000,3907,4036,3869,3907,4220881
SHAPNA,d,20131005,000000,3982,4075,3908,4023,3963744
SHAPNA,d,20131006,000000,4154,4154,3998,4021,4336748
SHAPNA,d,20131007,000000,3923,3985,3918,3959,2626534
SHAPNA,d,20131008,000000,4018,4097,3811,3865,6011318
SHAPNA,d,20131009,000000,3946,4035,3865,3984,4155851
SHAPNA,d,20131012,000000,3933,4140,3895,4140,6048853
SHAPNA,d,20131013,000000,4224,4224,4165,4224,2944601
SHAPNA,d,20131014,000000,4392,4392,4392,4392,4004953
SHAPNA,d,20131015,000000,4568,4568,4568,4568,2021440
SHAPNA,d,20131019,000000,4751,4751,4704,4751,23530325
SHAPNA,d,20131020,000000,4560,4707,4560,4560,13341295
SHAPNA,d,20131021,000000,4513,4623,4387,4387,8294777
SHAPNA,d,20131022,000000,4252,4268,4252,4252,1652975
SHAPNA,d,20131023,000000,4085,4359,4083,4307,7218138
SHAPNA,d,20131026,000000,4255,4318,4191,4218,5352843
SHAPNA,d,20131027,000000,4217,4255,4134,4134,2501337
SHAPNA,d,20131028,000000,3998,4217,3982,4013,4243809
SHAPNA,d,20131029,000000,4120,4179,4012,4113,4200170
SHAPNA,d,20131030,000000,4191,4191,4056,4101,2435877
SHAPNA,d,20131102,000000,4081,4081,3946,3998,2152655
SHAPNA,d,20131103,000000,3998,4035,3894,3932,1859604
SHAPNA,d,20131104,000000,3969,3997,3858,3946,2590866
SHAPNA,d,20131105,000000,3998,4078,3982,4078,2783838
SHAPNA,d,20131106,000000,4127,4191,3998,4062,2113701
SHAPNA,d,20131109,000000,4236,4236,3985,3985,1488057
SHAPNA,d,20131110,000000,3911,3997,3879,3879,3834916
SHAPNA,d,20131111,000000,3889,3998,3856,3881,2148948
SHAPNA,d,20131112,000000,3958,3965,3879,3961,2268759
SHAPNA,d,20131116,000000,3959,3998,3869,3888,1877274
SHAPNA,d,20131117,000000,3907,3907,3804,3812,1988616
SHAPNA,d,20131118,000000,3791,3869,3725,3791,2197285
SHAPNA,d,20131119,000000,3798,3934,3798,3934,2720596
SHAPNA,d,20131120,000000,4062,4062,3969,3998,3145129
SHAPNA,d,20131123,000000,4049,4049,3866,3866,4301488
SHAPNA,d,20131124,000000,3868,3868,3725,3739,4042055
SHAPNA,d,20131125,000000,3753,3869,3611,3789,3226586
SHAPNA,d,20131126,000000,3855,3855,3714,3723,1492154
SHAPNA,d,20131127,000000,3638,3740,3611,3636,3085615
SHAPNA,d,20131130,000000,3664,3738,3629,3638,2014404
SHAPNA,d,20131201,000000,3688,3800,3650,3727,2648944
SHAPNA,d,20131202,000000,3798,3865,3694,3811,2144449
SHAPNA,d,20131203,000000,3906,3946,3849,3874,2823917
SHAPNA,d,20131204,000000,3946,3985,3804,3868,1251161
SHAPNA,d,20131207,000000,3946,3946,3766,3817,1428991
SHAPNA,d,20131208,000000,3780,3790,3714,3744,1578225
SHAPNA,d,20131209,000000,3868,3900,3753,3900,2615352
SHAPNA,d,20131210,000000,3991,3991,3791,3791,1951516
SHAPNA,d,20131211,000000,3756,3830,3740,3758,1462608
SHAPNA,d,20131214,000000,3804,3862,3740,3746,1187730
SHAPNA,d,20131215,000000,3753,3868,3753,3785,1530472
SHAPNA,d,20131216,000000,3798,3821,3727,3747,1999617
SHAPNA,d,20131217,000000,3765,3765,3690,3727,1456324
SHAPNA,d,20131218,000000,3726,3743,3688,3742,2575778
SHAPNA,d,20131221,000000,3703,3727,3611,3688,1730979
SHAPNA,d,20131222,000000,3649,3754,3636,3727,842994
SHAPNA,d,20131224,000000,3740,3765,3694,3727,897561
SHAPNA,d,20131225,000000,3740,3741,3653,3656,2580319
SHAPNA,d,20131228,000000,3631,3740,3611,3611,1067686
SHAPNA,d,20131229,000000,3611,3649,3604,3611,1461756
SHAPNA,d,20131230,000000,3611,3688,3611,3688,974230
SHAPNA,d,20140101,000000,3624,3746,3624,3737,987389
SHAPNA,d,20140104,000000,3804,3804,3598,3612,1105464
SHAPNA,d,20140105,000000,3662,3700,3611,3636,692590
SHAPNA,d,20140106,000000,3671,3671,3533,3573,2402574
SHAPNA,d,20140107,000000,3546,3566,3501,3507,2101591
SHAPNA,d,20140108,000000,3495,3636,3464,3609,2023242
SHAPNA,d,20140111,000000,3636,3667,3611,3667,1717647
SHAPNA,d,20140112,000000,3778,3778,3515,3542,43923145
SHAPNA,d,20140113,000000,3611,3636,3546,3604,1139920
SHAPNA,d,20140114,000000,3587,3611,3507,3526,434940
SHAPNA,d,20140115,000000,3533,3533,3469,3482,42023546
SHAPNA,d,20140118,000000,3482,3507,3383,3495,915639
SHAPNA,d,20140120,000000,3482,3482,3404,3418,590181
SHAPNA,d,20140121,000000,3497,3578,3391,3417,41736606
SHAPNA,d,20140122,000000,3399,3532,3353,3415,604743
SHAPNA,d,20140125,000000,3366,3499,3366,3456,1024782
SHAPNA,d,20140126,000000,3568,3568,3353,3386,614282
SHAPNA,d,20140127,000000,3482,3546,3320,3507,42725235
SHAPNA,d,20140128,000000,3559,3630,3527,3549,42630827
SHAPNA,d,20140129,000000,3608,3611,3540,3558,43596921
SHAPNA,d,20140201,000000,3643,3701,3572,3589,2568237
SHAPNA,d,20140202,000000,3649,3649,3471,3471,1043006
SHAPNA,d,20140203,000000,3480,3546,3404,3424,557977
SHAPNA,d,20140204,000000,3505,3559,3404,3546,30351450
SHAPNA,d,20140205,000000,3446,3482,3406,3406,837277
SHAPNA,d,20140208,000000,3355,3355,3340,3340,804199
SHAPNA,d,20140209,000000,3288,3482,3288,3413,885007
SHAPNA,d,20140210,000000,3437,3437,3301,3305,860830
SHAPNA,d,20140212,000000,3301,3301,3256,3256,2916859
SHAPNA,d,20140215,000000,3172,3352,3172,3256,504701
SHAPNA,d,20140216,000000,3277,3386,3263,3296,42348130
SHAPNA,d,20140217,000000,3416,3430,3314,3361,1121958
SHAPNA,d,20140218,000000,3353,3371,3262,3345,41758691
SHAPNA,d,20140219,000000,3378,3478,3353,3442,42992132
SHAPNA,d,20140222,000000,3469,3482,3353,3445,776505
SHAPNA,d,20140223,000000,3391,3404,3333,3352,632277
SHAPNA,d,20140224,000000,3317,3357,3277,3357,1477605
SHAPNA,d,20140225,000000,3277,3277,3211,3260,513369
SHAPNA,d,20140226,000000,3286,3433,3179,3433,4516246
SHAPNA,d,20140301,000000,3549,3558,3482,3537,45777162
SHAPNA,d,20140302,000000,3598,3598,3443,3519,42753279
SHAPNA,d,20140303,000000,3456,3456,3378,3386,953749
SHAPNA,d,20140304,000000,3378,3486,3353,3442,1015219
SHAPNA,d,20140305,000000,3432,3572,3432,3500,1120261
SHAPNA,d,20140308,000000,3546,3572,3468,3514,1011520
SHAPNA,d,20140309,000000,3517,3517,3430,3481,41818928
SHAPNA,d,20140310,000000,3458,3491,3455,3482,7085296
SHAPNA,d,20150317,000000,1131,1176,1131,1176,8415121
SHAPNA,d,20150318,000000,1201,1201,1201,1201,1411847
SHAPNA,d,20150325,000000,1223,1223,1223,1223,1503175
SHAPNA,d,20150328,000000,1247,1247,1247,1247,56174
SHAPNA,d,20150329,000000,1248,1248,1248,1248,1407289
SHAPNA,d,20150330,000000,1271,1271,1271,1271,1928599
SHAPNA,d,20150331,000000,1304,1304,1304,1304,1265893
SHAPNA,d,20150404,000000,1326,1326,1326,1326,11143
SHAPNA,d,20150405,000000,1377,1432,1377,1432,219155
SHAPNA,d,20150406,000000,1490,1490,1490,1490,110141
SHAPNA,d,20150407,000000,1492,1492,1492,1492,2061
SHAPNA,d,20150408,000000,1492,1492,1492,1492,19046
SHAPNA,d,20150411,000000,1493,1493,1493,1493,67009
SHAPNA,d,20150412,000000,1494,1494,1494,1494,17965
SHAPNA,d,20150413,000000,1552,1614,1552,1614,45313
SHAPNA,d,20150414,000000,1678,1678,1678,1678,52037
SHAPNA,d,20150415,000000,1679,1679,1679,1679,9299
SHAPNA,d,20150418,000000,1679,1679,1679,1679,1240038
SHAPNA,d,20150419,000000,1717,1717,1717,1717,1895494
SHAPNA,d,20150420,000000,1776,1776,1776,1776,2965781
SHAPNA,d,20150422,000000,2046,2109,1964,2019,78427067
SHAPNA,d,20150425,000000,2053,2080,2019,2079,23146343
SHAPNA,d,20150426,000000,2066,2066,1985,1985,7458728
SHAPNA,d,20150427,000000,1929,1929,1929,1929,1372445
SHAPNA,d,20150428,000000,1870,1902,1870,1870,17405588
SHAPNA,d,20150429,000000,1859,1928,1838,1866,4704629
SHAPNA,d,20150503,000000,1898,1898,1802,1809,4862711
SHAPNA,d,20150504,000000,1816,1816,1747,1747,6231130
SHAPNA,d,20150505,000000,1734,1787,1682,1685,4655010
SHAPNA,d,20150506,000000,1685,1698,1643,1655,3736754
SHAPNA,d,20150509,000000,1662,1691,1593,1594,3988712
SHAPNA,d,20150510,000000,1608,1608,1548,1549,4960255
SHAPNA,d,20150511,000000,1575,1627,1552,1627,2479723
SHAPNA,d,20150512,000000,1676,1678,1669,1678,1035696
SHAPNA,d,20150513,000000,1709,1709,1709,1709,2128113
SHAPNA,d,20150517,000000,1733,1737,1653,1715,6493212
SHAPNA,d,20150518,000000,1715,1726,1648,1663,1124226
SHAPNA,d,20150519,000000,1662,1713,1658,1683,1948168
SHAPNA,d,20150520,000000,1669,1716,1666,1694,1417124
SHAPNA,d,20150523,000000,1702,1702,1630,1662,1470695
SHAPNA,d,20150524,000000,1671,1690,1644,1662,1520883
SHAPNA,d,20150525,000000,1691,1748,1691,1722,101642925
SHAPNA,d,20150526,000000,1744,1766,1717,1741,6552078
SHAPNA,d,20150527,000000,1751,1751,1719,1736,1397989
SHAPNA,d,20150530,000000,1734,1783,1719,1737,3831559
SHAPNA,d,20150531,000000,1734,1760,1716,1722,2003486
SHAPNA,d,20150601,000000,1716,1751,1698,1751,1614779
SHAPNA,d,20150602,000000,1751,1755,1709,1754,1372931
SHAPNA,d,20150606,000000,1720,1755,1720,1727,1030135
SHAPNA,d,20150607,000000,1716,1755,1709,1717,1237629
SHAPNA,d,20150608,000000,1733,1742,1696,1707,817975
SHAPNA,d,20150609,000000,1689,1726,1640,1672,3120189
SHAPNA,d,20150610,000000,1687,1691,1644,1657,694696
SHAPNA,d,20150613,000000,1676,1716,1658,1669,476988
SHAPNA,d,20150614,000000,1679,1680,1645,1652,352073
SHAPNA,d,20150615,000000,1647,1713,1621,1658,467433
SHAPNA,d,20150616,000000,1673,1711,1673,1689,758996
SHAPNA,d,20150622,000000,1765,1765,1765,1765,2142594
SHAPNA,d,20150623,000000,1853,1853,1853,1853,102758
SHAPNA,d,20150624,000000,1858,1858,1682,1858,48723112
SHAPNA,d,20150627,000000,1859,1887,1805,1805,4790763
SHAPNA,d,20150628,000000,1810,1830,1778,1779,4284763
SHAPNA,d,20150629,000000,1787,1855,1787,1855,1945989
SHAPNA,d,20150630,000000,1841,1918,1841,1918,7730213
SHAPNA,d,20150701,000000,1915,1930,1873,1883,4051166
SHAPNA,d,20150704,000000,1927,1996,1905,1955,5715236
SHAPNA,d,20150705,000000,1965,1965,1894,1902,2899741
SHAPNA,d,20150706,000000,1927,1983,1917,1961,5013028
SHAPNA,d,20150707,000000,1986,2046,1974,2002,5501245
SHAPNA,d,20150711,000000,1962,2030,1912,2023,3773109
SHAPNA,d,20150712,000000,2051,2090,2048,2090,13962857
SHAPNA,d,20150713,000000,2192,2192,2188,2192,8231076
SHAPNA,d,20150714,000000,2302,2302,2202,2302,27699425
SHAPNA,d,20150715,000000,2319,2323,2172,2220,14504747
SHAPNA,d,20150720,000000,2248,2251,2123,2124,15076464
SHAPNA,d,20150810,000000,2226,2240,2135,2216,27107916
SHAPNA,d,20150812,000000,2246,2269,2181,2193,14032134
SHAPNA,d,20150815,000000,2216,2216,2114,2122,8353835
SHAPNA,d,20150816,000000,2129,2129,2029,2029,5761612
SHAPNA,d,20150817,000000,2037,2037,1967,1971,2978768
SHAPNA,d,20150818,000000,1979,2049,1916,1961,29185533
SHAPNA,d,20150819,000000,1993,2015,1912,1924,4873918
SHAPNA,d,20150822,000000,1900,1939,1882,1882,4305506
SHAPNA,d,20150823,000000,1904,1971,1885,1916,2314941
SHAPNA,d,20150824,000000,1949,1971,1884,1920,53079120
SHAPNA,d,20150825,000000,1916,1970,1876,1970,2831283
SHAPNA,d,20150826,000000,1938,1962,1928,1956,2989907
SHAPNA,d,20150829,000000,1967,2011,1932,1947,2566853
SHAPNA,d,20150830,000000,1963,1993,1924,1963,2208050
SHAPNA,d,20150831,000000,1963,1967,1924,1932,1235579
SHAPNA,d,20150901,000000,1939,1980,1939,1979,7175369
SHAPNA,d,20150902,000000,1971,2049,1971,2019,2101879
SHAPNA,d,20150905,000000,2042,2074,2015,2041,1503880
SHAPNA,d,20150906,000000,2042,2074,1995,2029,2692144
SHAPNA,d,20150907,000000,2028,2074,2011,2023,2660236
SHAPNA,d,20150908,000000,2058,2058,2007,2007,2549096
SHAPNA,d,20150909,000000,2008,2102,1976,2055,5985000
SHAPNA,d,20150912,000000,2043,2093,2011,2019,2217395
SHAPNA,d,20150913,000000,2050,2050,1947,1963,1994999
SHAPNA,d,20150914,000000,2011,2042,1963,1963,2776296
SHAPNA,d,20150915,000000,1979,1979,1898,1902,2463411
SHAPNA,d,20150916,000000,1937,1937,1899,1908,1832911
SHAPNA,d,20150919,000000,1976,1976,1861,1875,1321850
SHAPNA,d,20150920,000000,1870,1922,1821,1846,41436959
SHAPNA,d,20150921,000000,1840,1860,1813,1821,11498484
SHAPNA,d,20150922,000000,1797,1876,1789,1867,2219188
SHAPNA,d,20150923,000000,1876,1915,1837,1884,2078387
SHAPNA,d,20150926,000000,1892,1893,1821,1841,1655360
SHAPNA,d,20150927,000000,1847,1916,1825,1899,2624171
SHAPNA,d,20150928,000000,1911,1917,1876,1911,1639557
SHAPNA,d,20150929,000000,1916,1916,1888,1916,975997
SHAPNA,d,20150930,000000,1900,1916,1868,1884,1497277
SHAPNA,d,20151003,000000,1908,1908,1844,1846,902484
SHAPNA,d,20151004,000000,1884,1892,1849,1867,1966162
SHAPNA,d,20151005,000000,1878,1913,1878,1882,7813856
SHAPNA,d,20151006,000000,1900,1900,1845,1853,676988
SHAPNA,d,20151007,000000,1846,1947,1846,1899,16473953
SHAPNA,d,20151010,000000,1900,1926,1871,1884,1176970
SHAPNA,d,20151011,000000,1882,1898,1860,1877,1104945
SHAPNA,d,20151012,000000,1896,1901,1872,1872,9834910
SHAPNA,d,20151013,000000,1892,1928,1863,1928,3497316
SHAPNA,d,20151014,000000,1926,1955,1877,1914,2652168
SHAPNA,d,20151017,000000,1931,2008,1920,2008,8444419
SHAPNA,d,20151018,000000,2050,2088,1943,1979,5499835
SHAPNA,d,20151019,000000,1987,2050,1957,1981,1693379
SHAPNA,d,20151020,000000,1981,2038,1963,1972,7760259
SHAPNA,d,20151021,000000,2005,2005,1939,1962,1453639
SHAPNA,d,20151025,000000,1941,1963,1896,1904,2133148
SHAPNA,d,20151026,000000,1869,1960,1869,1910,958359
SHAPNA,d,20151027,000000,1959,1977,1916,1939,2770546
SHAPNA,d,20151028,000000,1939,1945,1901,1916,1470250
SHAPNA,d,20151031,000000,1939,1939,1901,1927,1416270
SHAPNA,d,20151101,000000,1928,1928,1895,1900,1881781
SHAPNA,d,20151102,000000,1906,1927,1895,1906,1042909
SHAPNA,d,20151103,000000,1900,1971,1886,1939,1429498
SHAPNA,d,20151104,000000,1941,1962,1916,1924,795833
SHAPNA,d,20151107,000000,1909,2003,1901,1955,6132282
SHAPNA,d,20151108,000000,1955,1979,1933,1939,1006394
SHAPNA,d,20151109,000000,1936,1976,1916,1945,5509966
SHAPNA,d,20151110,000000,1924,1979,1924,1951,1016722
SHAPNA,d,20151111,000000,1924,1939,1916,1925,871338
SHAPNA,d,20151114,000000,1924,1979,1909,1932,1589135
SHAPNA,d,20151115,000000,1861,1901,1849,1882,19684382
SHAPNA,d,20151116,000000,1892,1936,1857,1888,13122927
SHAPNA,d,20151117,000000,1864,1871,1834,1837,5975434
SHAPNA,d,20151118,000000,1829,1860,1821,1837,12647559
SHAPNA,d,20151121,000000,1823,1852,1798,1805,18374830
SHAPNA,d,20151122,000000,1821,1821,1790,1793,5249289
SHAPNA,d,20151123,000000,1819,1821,1773,1782,5247420
SHAPNA,d,20151124,000000,1812,1858,1777,1837,10948689
SHAPNA,d,20151125,000000,1852,1860,1821,1837,16055853
SHAPNA,d,20151128,000000,1802,1854,1793,1811,1540999
SHAPNA,d,20151129,000000,1797,1849,1795,1801,11200406
SHAPNA,d,20151130,000000,1802,1844,1802,1814,1806677
SHAPNA,d,20151201,000000,1814,1824,1793,1804,2299508
SHAPNA,d,20151205,000000,1815,1815,1790,1797,1629379
SHAPNA,d,20151206,000000,1797,1830,1776,1828,10888303
SHAPNA,d,20151207,000000,1805,1834,1772,1791,9074748
SHAPNA,d,20151208,000000,1806,1837,1779,1818,13830904
SHAPNA,d,20151209,000000,1789,1821,1789,1808,1475700
SHAPNA,d,20151213,000000,1797,1797,1732,1749,7193631
SHAPNA,d,20151214,000000,1734,1734,1703,1732,2153023
SHAPNA,d,20151215,000000,1727,1757,1719,1726,1456902
SHAPNA,d,20151216,000000,1763,1767,1682,1686,9743984
SHAPNA,d,20151219,000000,1718,1718,1655,1655,6694785
SHAPNA,d,20151220,000000,1654,1654,1575,1575,4783011
SHAPNA,d,20151221,000000,1553,1639,1553,1585,4096658
SHAPNA,d,20151222,000000,1585,1599,1560,1584,1857980
SHAPNA,d,20151223,000000,1582,1609,1567,1574,8733485
SHAPNA,d,20151226,000000,1583,1591,1525,1528,4694715
SHAPNA,d,20151227,000000,1526,1563,1516,1543,2288276
SHAPNA,d,20151228,000000,1558,1558,1517,1524,1852221
SHAPNA,d,20151230,000000,1556,1574,1525,1536,2820625
SHAPNA,d,20160102,000000,1551,1551,1504,1528,2770711
SHAPNA,d,20160103,000000,1537,1537,1514,1531,2583212
SHAPNA,d,20160104,000000,1518,1543,1510,1528,4994167
SHAPNA,d,20160105,000000,1528,1599,1521,1599,5351346
SHAPNA,d,20160106,000000,1592,1628,1582,1590,3045495
SHAPNA,d,20160109,000000,1582,1582,1529,1530,2987436
SHAPNA,d,20160110,000000,1529,1543,1512,1543,1749037
SHAPNA,d,20160111,000000,1544,1551,1513,1528,7420961
SHAPNA,d,20160112,000000,1525,1525,1505,1513,4693062
SHAPNA,d,20160113,000000,1512,1588,1496,1588,7245354
SHAPNA,d,20160116,000000,1637,1637,1637,1637,6286062
SHAPNA,d,20160117,000000,1719,1719,1637,1682,33153322
SHAPNA,d,20160118,000000,1678,1728,1624,1686,7538952
SHAPNA,d,20160119,000000,1718,1757,1670,1671,6772977
SHAPNA,d,20160120,000000,1695,1710,1646,1683,7186957
SHAPNA,d,20160123,000000,1739,1753,1702,1748,8690741
SHAPNA,d,20160124,000000,1742,1809,1734,1783,13429390
SHAPNA,d,20160125,000000,1805,1871,1764,1871,10867897
SHAPNA,d,20160126,000000,1921,1921,1878,1921,9862322
SHAPNA,d,20160127,000000,1957,2011,1885,1979,14808622
SHAPNA,d,20160130,000000,1987,2053,1984,2053,21936685
SHAPNA,d,20160131,000000,2098,2152,1987,2152,32611344
SHAPNA,d,20160201,000000,2201,2226,2181,2226,11181830
SHAPNA,d,20160202,000000,2330,2330,2330,2330,9810991
SHAPNA,d,20160203,000000,2375,2375,2234,2278,44822327
SHAPNA,d,20160206,000000,2264,2371,2225,2272,18852293
SHAPNA,d,20160207,000000,2296,2364,2256,2280,15683037
SHAPNA,d,20160208,000000,2319,2423,2288,2423,33552627
SHAPNA,d,20160209,000000,2509,2509,2430,2447,28135317
SHAPNA,d,20160210,000000,2494,2630,2486,2533,30772139
SHAPNA,d,20160213,000000,2659,2675,2475,2482,2465670
SHAPNA,d,20160215,000000,2375,2494,2363,2454,27363643
SHAPNA,d,20160216,000000,2499,2499,2340,2340,11106291
SHAPNA,d,20160217,000000,2304,2422,2289,2351,16350313
SHAPNA,d,20160220,000000,2384,2399,2245,2248,15713796
SHAPNA,d,20160221,000000,2296,2404,2203,2404,46194396
SHAPNA,d,20160222,000000,2478,2501,2432,2501,24319887
SHAPNA,d,20160223,000000,2623,2623,2477,2533,41035487
SHAPNA,d,20160224,000000,2525,2721,2478,2612,24391091
SHAPNA,d,20160227,000000,2639,2755,2628,2755,23694044
SHAPNA,d,20160228,000000,2886,2886,2692,2763,36092929
SHAPNA,d,20160229,000000,2771,2818,2671,2671,15438761
SHAPNA,d,20160301,000000,2593,2731,2554,2596,43494572
SHAPNA,d,20160302,000000,2590,2691,2533,2547,11730658
SHAPNA,d,20160305,000000,2618,2708,2598,2708,24658962
SHAPNA,d,20160306,000000,2739,2739,2587,2612,12973461
SHAPNA,d,20160307,000000,2636,2699,2571,2597,9578952
SHAPNA,d,20160308,000000,2651,2723,2613,2652,12274931
SHAPNA,d,20160309,000000,2660,2715,2608,2622,11450945
SHAPNA,d,20160312,000000,2614,2668,2549,2573,39994866
SHAPNA,d,20160314,000000,2565,2613,2470,2533,12090317
SHAPNA,d,20160315,000000,2517,2620,2514,2541,40137313
SHAPNA,d,20160316,000000,2604,2604,2491,2533,7332904
SHAPNA,d,20160326,000000,2502,2635,2502,2635,4724897
SHAPNA,d,20160327,000000,2636,2692,2573,2581,2315950
SHAPNA,d,20160328,000000,2545,2605,2545,2573,1738300
SHAPNA,d,20160329,000000,2543,2553,2495,2525,3041615
SHAPNA,d,20160330,000000,2502,2658,2502,2658,14658557
SHAPNA,d,20160402,000000,2700,2715,2557,2571,11949855
SHAPNA,d,20160403,000000,2557,2558,2508,2509,7665956
SHAPNA,d,20160404,000000,2523,2613,2467,2613,7910662
SHAPNA,d,20160405,000000,2541,2596,2525,2541,3366906
SHAPNA,d,20160406,000000,2555,2555,2517,2517,3253020
SHAPNA,d,20160409,000000,2574,2601,2518,2521,2691106
SHAPNA,d,20160410,000000,2533,2541,2490,2494,3488838
SHAPNA,d,20160411,000000,2502,2532,2491,2493,2303878
SHAPNA,d,20160412,000000,2532,2533,2494,2495,4582676
SHAPNA,d,20160413,000000,2516,2565,2472,2494,4129979
SHAPNA,d,20160416,000000,2494,2494,2392,2392,4694691
SHAPNA,d,20160417,000000,2306,2397,2282,2349,4071859
SHAPNA,d,20160418,000000,2310,2399,2296,2320,5488668
SHAPNA,d,20160419,000000,2335,2414,2236,2399,4896636
SHAPNA,d,20160420,000000,2407,2452,2335,2355,3039892
SHAPNA,d,20160423,000000,2375,2405,2312,2313,2557488
SHAPNA,d,20160424,000000,2371,2445,2296,2415,4026140
SHAPNA,d,20160425,000000,2430,2438,2296,2296,11252810
SHAPNA,d,20160426,000000,2350,2355,2261,2280,3900567
SHAPNA,d,20160427,000000,2256,2327,2256,2296,3788906
SHAPNA,d,20160430,000000,2297,2335,2280,2296,5502031
SHAPNA,d,20160501,000000,2301,2301,2242,2272,2594587
SHAPNA,d,20160502,000000,2245,2280,2221,2225,2681478
SHAPNA,d,20160503,000000,2228,2228,2160,2161,3537302
SHAPNA,d,20160504,000000,2160,2185,2152,2169,2229494
SHAPNA,d,20160507,000000,2157,2239,2066,2107,10739547
SHAPNA,d,20160508,000000,2109,2137,2084,2110,2526148
SHAPNA,d,20160509,000000,2121,2137,2084,2099,1380101
SHAPNA,d,20160510,000000,2090,2090,2017,2019,2869291
SHAPNA,d,20160511,000000,2057,2087,1967,2019,8448025
SHAPNA,d,20160514,000000,2004,2106,2004,2042,4917772
SHAPNA,d,20160515,000000,2074,2145,2015,2095,34570320
SHAPNA,d,20160516,000000,2082,2217,2082,2209,34092755
SHAPNA,d,20160517,000000,2228,2307,2217,2307,32063761
SHAPNA,d,20160518,000000,2351,2407,2272,2342,30365533
SHAPNA,d,20160521,000000,2335,2375,2279,2304,10678979
SHAPNA,d,20160523,000000,2329,2350,2280,2280,2724017
SHAPNA,d,20160524,000000,2287,2296,2256,2288,1834075
SHAPNA,d,20160525,000000,2293,2367,2293,2327,11645251
SHAPNA,d,20160528,000000,2328,2365,2282,2283,930688
SHAPNA,d,20160529,000000,2285,2409,2277,2316,20091849
SHAPNA,d,20160530,000000,2300,2350,2300,2301,1812959
SHAPNA,d,20160531,000000,2297,2391,2276,2286,7617105
SHAPNA,d,20160601,000000,2311,2339,2289,2297,933537
SHAPNA,d,20160605,000000,2327,2374,2284,2312,11626548
SHAPNA,d,20160606,000000,2304,2317,2288,2310,1041044
SHAPNA,d,20160607,000000,2320,2320,2259,2272,999776
SHAPNA,d,20160608,000000,2280,2331,2241,2248,1162720
SHAPNA,d,20160611,000000,2233,2289,2187,2188,1767157
SHAPNA,d,20160612,000000,2201,2201,2137,2198,1605253
SHAPNA,d,20160613,000000,2170,2201,2138,2145,844573
SHAPNA,d,20160614,000000,2138,2138,2084,2084,2287364
SHAPNA,d,20160615,000000,2058,2190,2020,2127,10110211
SHAPNA,d,20160618,000000,2106,2145,2081,2122,902418
SHAPNA,d,20160619,000000,2114,2137,2076,2094,1116785
SHAPNA,d,20160620,000000,2082,2114,2027,2074,1567599
SHAPNA,d,20160621,000000,2082,2137,2034,2137,801702
SHAPNA,d,20160622,000000,2099,2161,2096,2137,2921677
SHAPNA,d,20160625,000000,2093,2093,2031,2046,1337028
SHAPNA,d,20160626,000000,2082,2106,2039,2096,1492589
SHAPNA,d,20160628,000000,2043,2134,2042,2061,3042714
SHAPNA,d,20160629,000000,2089,2089,2011,2032,2847498
SHAPNA,d,20160702,000000,2023,2061,2020,2061,2110783
SHAPNA,d,20160703,000000,2066,2082,2057,2060,2112109
SHAPNA,d,20160704,000000,2059,2120,2035,2080,6622967
SHAPNA,d,20160705,000000,2039,2098,2039,2058,617518
SHAPNA,d,20160709,000000,2091,2091,2035,2050,800639
SHAPNA,d,20160710,000000,2049,2143,1996,2057,12409412
SHAPNA,d,20160711,000000,2046,2065,2019,2027,3517919
SHAPNA,d,20160712,000000,2057,2074,1933,1983,11044341
SHAPNA,d,20160713,000000,1988,2089,1979,2057,5718581
SHAPNA,d,20160716,000000,2027,2164,1996,2164,9872064
SHAPNA,d,20160717,000000,2177,2239,2169,2185,12943428
SHAPNA,d,20160718,000000,2205,2266,2112,2122,16800096
SHAPNA,d,20160725,000000,2335,2336,2265,2265,2831713
SHAPNA,d,20160726,000000,2277,2322,2229,2264,3679940
SHAPNA,d,20160727,000000,2292,2362,2251,2285,9787812
SHAPNA,d,20160731,000000,2301,2327,2202,2220,8634322
SHAPNA,d,20160801,000000,2217,2243,2174,2234,4177439
SHAPNA,d,20160802,000000,2201,2325,2201,2325,12073688
SHAPNA,d,20160803,000000,2330,2405,2315,2334,13515915
SHAPNA,d,20160806,000000,2320,2456,2307,2388,10683601
SHAPNA,d,20160807,000000,2411,2430,2303,2303,5040689
SHAPNA,d,20160808,000000,2303,2346,2263,2311,2441164
SHAPNA,d,20160809,000000,2285,2385,2285,2329,4432141
SHAPNA,d,20160810,000000,2312,2341,2260,2260,3540085
SHAPNA,d,20160813,000000,2324,2352,2270,2345,4572822
SHAPNA,d,20160814,000000,2345,2377,2303,2303,3747846
SHAPNA,d,20160815,000000,2303,2306,2271,2279,2049597
SHAPNA,d,20160816,000000,2268,2302,2264,2267,1216830
SHAPNA,d,20160817,000000,2302,2319,2264,2270,5639864
SHAPNA,d,20160820,000000,2277,2409,2277,2404,12706795
SHAPNA,d,20160821,000000,2388,2430,2331,2332,8018860
SHAPNA,d,20160822,000000,2353,2353,2297,2318,2711108
SHAPNA,d,20160823,000000,2289,2309,2281,2294,1884298
SHAPNA,d,20160824,000000,2312,2312,2260,2268,1978379
SHAPNA,d,20160827,000000,2268,2277,2237,2251,2520345
SHAPNA,d,20160828,000000,2277,2288,2202,2202,4123465
SHAPNA,d,20160829,000000,2207,2283,2174,2175,3082551
SHAPNA,d,20160830,000000,2214,2225,2166,2191,855133
SHAPNA,d,20160831,000000,2174,2217,2167,2183,1156473
SHAPNA,d,20160903,000000,2156,2174,2136,2170,1659889
SHAPNA,d,20160904,000000,2141,2157,2110,2110,3189848
SHAPNA,d,20160905,000000,2098,2200,2098,2196,1736301
SHAPNA,d,20160906,000000,2212,2251,2157,2162,5887000
SHAPNA,d,20160907,000000,2218,2227,2128,2135,3288493
SHAPNA,d,20160910,000000,2174,2183,2108,2123,1265916
SHAPNA,d,20160911,000000,2108,2131,2098,2098,1240686
SHAPNA,d,20160913,000000,2116,2126,2070,2081,2732369
SHAPNA,d,20160914,000000,2118,2170,2089,2134,5142293
SHAPNA,d,20160917,000000,2132,2132,2093,2098,1194126
SHAPNA,d,20160918,000000,2127,2166,2047,2090,3115762
SHAPNA,d,20160919,000000,2132,2149,2095,2104,588350
SHAPNA,d,20160921,000000,2089,2115,2089,2089,1086979
SHAPNA,d,20160924,000000,2129,2163,2107,2139,1450201
SHAPNA,d,20160925,000000,2134,2162,2110,2122,3795947
SHAPNA,d,20160926,000000,2133,2134,2099,2102,1317439
SHAPNA,d,20160927,000000,2106,2110,2089,2098,2376520
SHAPNA,d,20160928,000000,2098,2130,2098,2115,2284834
SHAPNA,d,20161001,000000,2166,2208,2145,2153,5268402
SHAPNA,d,20161002,000000,2174,2174,2098,2115,2697268
SHAPNA,d,20161003,000000,2127,2174,2099,2149,7017786
SHAPNA,d,20161004,000000,2173,2183,2132,2134,3550957
SHAPNA,d,20161005,000000,2174,2174,2121,2139,2935471
SHAPNA,d,20161008,000000,2149,2195,2123,2144,6225541
SHAPNA,d,20161009,000000,2157,2165,2123,2140,1532642
SHAPNA,d,20161010,000000,2149,2174,2125,2133,3176145
SHAPNA,d,20161015,000000,2168,2254,2151,2254,31776707
SHAPNA,d,20161016,000000,2270,2305,2213,2213,7462011
SHAPNA,d,20161017,000000,2225,2298,2200,2258,2482499
SHAPNA,d,20161018,000000,2234,2267,2167,2191,3755466
SHAPNA,d,20161019,000000,2225,2239,2176,2239,2972383
SHAPNA,d,20161022,000000,2251,2311,2243,2311,23482727
SHAPNA,d,20161023,000000,2388,2416,2345,2382,51052594
SHAPNA,d,20161024,000000,2447,2521,2430,2521,62295664
SHAPNA,d,20161025,000000,2533,2542,2431,2515,18500141
SHAPNA,d,20161026,000000,2499,2618,2499,2618,42013491
SHAPNA,d,20161029,000000,2637,2703,2558,2559,19124300
SHAPNA,d,20161030,000000,2576,2684,2539,2609,13129364
SHAPNA,d,20161031,000000,2634,2635,2515,2526,9932478
SHAPNA,d,20161101,000000,2507,2514,2439,2443,8600839
SHAPNA,d,20161102,000000,2434,2493,2413,2418,7238947
SHAPNA,d,20161105,000000,2397,2397,2330,2330,17816097
SHAPNA,d,20161106,000000,2328,2375,2302,2311,5871388
SHAPNA,d,20161107,000000,2346,2379,2320,2345,5984379
SHAPNA,d,20161108,000000,2370,2370,2321,2353,5549894
SHAPNA,d,20161109,000000,2234,2319,2233,2285,15063727
SHAPNA,d,20161112,000000,2302,2302,2212,2234,4515481
SHAPNA,d,20161113,000000,2234,2291,2234,2283,2470247
SHAPNA,d,20161114,000000,2285,2371,2285,2371,9632052
SHAPNA,d,20161115,000000,2430,2430,2349,2362,6751923
SHAPNA,d,20161116,000000,2387,2446,2317,2328,7120526
SHAPNA,d,20161119,000000,2379,2379,2307,2353,1253461
SHAPNA,d,20161121,000000,2380,2422,2336,2362,1899896
SHAPNA,d,20161122,000000,2388,2451,2382,2415,8010423
SHAPNA,d,20161123,000000,2437,2439,2383,2430,4277710
SHAPNA,d,20161126,000000,2419,2419,2319,2324,4354722
SHAPNA,d,20161127,000000,2317,2371,2302,2309,5191224
SHAPNA,d,20161129,000000,2345,2370,2319,2328,2695742
SHAPNA,d,20161203,000000,2446,2446,2396,2434,40452258
SHAPNA,d,20161204,000000,2444,2444,2379,2404,5824536
SHAPNA,d,20161205,000000,2353,2413,2336,2344,4608434
SHAPNA,d,20161206,000000,2345,2403,2332,2336,3581722
SHAPNA,d,20161207,000000,2345,2373,2318,2362,6755952
SHAPNA,d,20161210,000000,2375,2429,2370,2386,5311116
SHAPNA,d,20161211,000000,2428,2463,2401,2436,6197146
SHAPNA,d,20161212,000000,2473,2527,2452,2464,10621023
SHAPNA,d,20161213,000000,2507,2527,2418,2422,4991624
SHAPNA,d,20161214,000000,2439,2439,2388,2391,4392801
SHAPNA,d,20161218,000000,2365,2413,2349,2355,1596606
SHAPNA,d,20161219,000000,2362,2396,2319,2343,2776589
SHAPNA,d,20161220,000000,2332,2336,2289,2319,3560055
SHAPNA,d,20161221,000000,2302,2377,2289,2324,3130949
SHAPNA,d,20161224,000000,2319,2388,2319,2336,1997552
SHAPNA,d,20161225,000000,2382,2382,2316,2319,1683120
SHAPNA,d,20161226,000000,2353,2353,2311,2312,1437483
SHAPNA,d,20161227,000000,2311,2336,2286,2302,4089444
SHAPNA,d,20161228,000000,2302,2370,2302,2317,2196532
SHAPNA,d,20161231,000000,2353,2375,2307,2311,7572688
SHAPNA,d,20170101,000000,2333,2333,2277,2294,3331542
SHAPNA,d,20170102,000000,2302,2392,2301,2387,6510225
SHAPNA,d,20170103,000000,2364,2405,2346,2353,5097086
SHAPNA,d,20170104,000000,2362,2387,2320,2375,3279843
SHAPNA,d,20170107,000000,2387,2388,2302,2354,5636189
SHAPNA,d,20170108,000000,2370,2413,2328,2374,3857211
SHAPNA,d,20170109,000000,2341,2387,2302,2319,4448413
SHAPNA,d,20170111,000000,2262,2274,2225,2225,14083250
SHAPNA,d,20170114,000000,2215,2243,2159,2176,3468698
SHAPNA,d,20170115,000000,2161,2216,2161,2191,3120457
SHAPNA,d,20170116,000000,2215,2260,2174,2251,4550802
SHAPNA,d,20170117,000000,2221,2251,2179,2197,1790941
SHAPNA,d,20170118,000000,2183,2237,2174,2216,2925767
SHAPNA,d,20170121,000000,2177,2249,2175,2186,3626729
SHAPNA,d,20170122,000000,2186,2228,2166,2174,1954954
SHAPNA,d,20170123,000000,2167,2207,2157,2162,1783741
SHAPNA,d,20170124,000000,2162,2209,2157,2165,1326412
SHAPNA,d,20170125,000000,2174,2208,2132,2140,4355215
SHAPNA,d,20170128,000000,2183,2183,2132,2133,1399771
SHAPNA,d,20170129,000000,2157,2207,2132,2133,2172419
SHAPNA,d,20170130,000000,2149,2166,2132,2143,5444141
SHAPNA,d,20170131,000000,2145,2166,2028,2133,7857469
SHAPNA,d,20170201,000000,2133,2179,2123,2144,1580923
SHAPNA,d,20170204,000000,2157,2168,2063,2069,1829399
SHAPNA,d,20170205,000000,2068,2123,2046,2076,1422355
SHAPNA,d,20170206,000000,2092,2149,2065,2106,4165137
SHAPNA,d,20170207,000000,2092,2149,2056,2056,1987308
SHAPNA,d,20170208,000000,2115,2132,2084,2106,1368792
SHAPNA,d,20170211,000000,2100,2138,2084,2084,3869754
SHAPNA,d,20170212,000000,2090,2183,2073,2123,4261121
SHAPNA,d,20170213,000000,2123,2147,2081,2084,1572218
SHAPNA,d,20170214,000000,2089,2098,2076,2080,1170353
SHAPNA,d,20170215,000000,2097,2146,2068,2085,3096041
SHAPNA,d,20170218,000000,2129,2179,2127,2153,4989627
SHAPNA,d,20170219,000000,2134,2179,2119,2123,1492771
SHAPNA,d,20170220,000000,2187,2253,2183,2253,35086727
SHAPNA,d,20170307,000000,2268,2270,2234,2249,18663598
SHAPNA,d,20170308,000000,2277,2341,2225,2225,12089158
SHAPNA,d,20170311,000000,2234,2331,2176,2222,12874548
SHAPNA,d,20170312,000000,2218,2300,2217,2249,6265653
SHAPNA,d,20170313,000000,2239,2328,2239,2271,7612336
SHAPNA,d,20170314,000000,2310,2352,2274,2336,6553231
SHAPNA,d,20170315,000000,2343,2347,2294,2294,3110521
SHAPNA,d,20170318,000000,2302,2341,2219,2281,6044358
SHAPNA,d,20170325,000000,2234,2300,2234,2255,615160
SHAPNA,d,20170326,000000,2268,2318,2231,2311,3164581
SHAPNA,d,20170327,000000,2301,2315,2260,2288,4023923
SHAPNA,d,20170328,000000,2285,2302,2269,2269,1664532
SHAPNA,d,20170329,000000,2269,2302,2269,2278,1017963
SHAPNA,d,20170403,000000,2311,2341,2278,2328,3086410
SHAPNA,d,20170404,000000,2328,2353,2277,2337,3750306
SHAPNA,d,20170405,000000,2336,2362,2318,2345,5311291
SHAPNA,d,20170408,000000,2370,2379,2272,2332,3552068
SHAPNA,d,20170409,000000,2299,2345,2292,2302,1765574
SHAPNA,d,20170410,000000,2295,2366,2295,2346,5759869
SHAPNA,d,20170412,000000,2361,2388,2336,2362,4565179
SHAPNA,d,20170415,000000,2349,2388,2338,2367,5456807
SHAPNA,d,20170416,000000,2370,2487,2370,2487,40904944
SHAPNA,d,20170417,000000,2533,2590,2479,2507,20164219
SHAPNA,d,20170418,000000,2541,2541,2488,2515,6205273
SHAPNA,d,20170419,000000,2498,2533,2498,2524,4104951
SHAPNA,d,20170422,000000,2532,2640,2492,2638,19111566
SHAPNA,d,20170423,000000,2660,2737,2636,2642,25001981
SHAPNA,d,20170424,000000,2652,2672,2589,2601,2924768
SHAPNA,d,20170426,000000,2624,2733,2610,2727,14660706
SHAPNA,d,20170429,000000,2737,2837,2729,2778,19154898
SHAPNA,d,20170430,000000,2810,2837,2712,2720,10559591
SHAPNA,d,20170501,000000,2729,2729,2670,2686,4409692
SHAPNA,d,20170502,000000,2699,2778,2653,2712,8758636
SHAPNA,d,20170503,000000,2729,2745,2669,2684,4822196
SHAPNA,d,20170506,000000,2686,2724,2579,2669,11023518
SHAPNA,d,20170507,000000,2660,2718,2618,2660,3703185
SHAPNA,d,20170508,000000,2660,2729,2644,2682,6841143
SHAPNA,d,20170509,000000,2660,2771,2653,2720,11307829
SHAPNA,d,20170510,000000,2720,2754,2673,2703,3473991
SHAPNA,d,20170513,000000,2726,2767,2683,2712,3964988
SHAPNA,d,20170514,000000,2677,2762,2633,2686,6923476
SHAPNA,d,20170515,000000,2666,2756,2666,2699,3776684
SHAPNA,d,20170516,000000,2729,2770,2712,2729,5278156
SHAPNA,d,20170517,000000,2798,2798,2729,2738,8815660
SHAPNA,d,20170520,000000,2797,2826,2764,2765,3133449
SHAPNA,d,20170521,000000,2729,2816,2712,2713,3584482
SHAPNA,d,20170522,000000,2720,2765,2703,2710,1599406
SHAPNA,d,20170523,000000,2729,2784,2690,2712,3074810
SHAPNA,d,20170524,000000,2729,2729,2678,2695,2375721
SHAPNA,d,20170527,000000,2716,2737,2643,2737,4185093
SHAPNA,d,20170528,000000,2686,2747,2660,2661,3832001
SHAPNA,d,20170529,000000,2648,2752,2646,2673,5972752
SHAPNA,d,20170530,000000,2729,2729,2660,2675,3692353
SHAPNA,d,20170531,000000,2715,2720,2662,2666,933396
SHAPNA,d,20170603,000000,2663,2665,2618,2637,2685496
SHAPNA,d,20170606,000000,2645,2649,2605,2618,2001347
SHAPNA,d,20170607,000000,2602,2695,2576,2617,4342737
SHAPNA,d,20170610,000000,2686,2686,2586,2595,1041367
SHAPNA,d,20170611,000000,2643,2669,2606,2608,6078974
SHAPNA,d,20170612,000000,2658,2660,2541,2625,1780432
SHAPNA,d,20170613,000000,2617,2625,2543,2599,1140415
SHAPNA,d,20170614,000000,2614,2642,2576,2593,1009317
SHAPNA,d,20170617,000000,2610,2614,2541,2544,1690868
SHAPNA,d,20170618,000000,2584,2600,2498,2498,1899461
SHAPNA,d,20170619,000000,2542,2556,2440,2484,3446271
SHAPNA,d,20170620,000000,2456,2511,2448,2448,1616940
SHAPNA,d,20170621,000000,2492,2498,2408,2413,2771293
SHAPNA,d,20170624,000000,2397,2462,2388,2400,2164294
SHAPNA,d,20170625,000000,2413,2473,2405,2439,2680168
SHAPNA,d,20170628,000000,2430,2471,2430,2470,756727
SHAPNA,d,20170701,000000,2477,2515,2452,2498,1050089
SHAPNA,d,20170702,000000,2490,2522,2458,2473,2944898
SHAPNA,d,20170703,000000,2513,2513,2469,2470,4632076
SHAPNA,d,20170704,000000,2492,2514,2456,2462,8658326
SHAPNA,d,20170705,000000,2486,2513,2457,2473,12006276
SHAPNA,d,20170708,000000,2597,2597,2559,2597,31736216
SHAPNA,d,20170731,000000,2723,2726,2652,2659,28040436
SHAPNA,d,20170801,000000,2657,2693,2645,2646,8313124
SHAPNA,d,20170802,000000,2657,2686,2603,2603,5112434
SHAPNA,d,20170806,000000,2661,2671,2588,2596,5893440
SHAPNA,d,20170807,000000,2636,2636,2565,2582,2594159
SHAPNA,d,20170808,000000,2620,2622,2556,2564,3598149
SHAPNA,d,20170809,000000,2564,2613,2564,2581,8337902
SHAPNA,d,20170812,000000,2582,2713,2574,2648,20957181
SHAPNA,d,20170813,000000,2629,2694,2604,2604,4726810
SHAPNA,d,20170814,000000,2648,2665,2592,2612,2078018
SHAPNA,d,20170815,000000,2601,2681,2601,2634,3859655
SHAPNA,d,20170816,000000,2674,2687,2624,2635,2338471
SHAPNA,d,20170819,000000,2638,2754,2638,2666,11157472
SHAPNA,d,20170820,000000,2716,2731,2669,2679,5770977
SHAPNA,d,20170821,000000,2693,2722,2646,2666,2884537
SHAPNA,d,20170822,000000,2694,2711,2650,2675,2602569
SHAPNA,d,20170823,000000,2710,2731,2676,2691,5486601
SHAPNA,d,20170826,000000,2710,2710,2648,2648,2878553
SHAPNA,d,20170827,000000,2648,2657,2634,2640,2186124
SHAPNA,d,20170828,000000,2654,2666,2640,2666,2901350
SHAPNA,d,20170829,000000,2648,2678,2648,2654,4181358
SHAPNA,d,20170830,000000,2652,2703,2652,2694,10714071
SHAPNA,d,20170902,000000,2703,2749,2694,2728,5615820
SHAPNA,d,20170903,000000,2726,2815,2715,2787,10219938
SHAPNA,d,20170904,000000,2795,2910,2778,2910,37049797
SHAPNA,d,20170905,000000,2936,2959,2866,2893,4786205
SHAPNA,d,20170906,000000,2926,2945,2881,2908,6862381
SHAPNA,d,20170910,000000,2880,2911,2860,2871,6202837
SHAPNA,d,20170911,000000,2880,2930,2863,2925,6686083
SHAPNA,d,20170912,000000,2917,2949,2895,2908,5008683
SHAPNA,d,20170913,000000,2918,3019,2898,2961,24102738
SHAPNA,d,20170916,000000,2982,3096,2982,3053,43644726
SHAPNA,d,20170917,000000,3067,3096,3002,3037,7907707
SHAPNA,d,20170918,000000,3032,3074,3012,3066,7746942
SHAPNA,d,20170919,000000,3047,3152,3047,3129,17911523
SHAPNA,d,20170920,000000,3149,3149,3065,3103,11860962
SHAPNA,d,20170923,000000,3084,3140,3075,3080,5423086
SHAPNA,d,20170924,000000,3067,3093,3042,3060,7062433
SHAPNA,d,20170925,000000,3075,3084,3038,3057,6936868
SHAPNA,d,20170926,000000,3084,3148,3066,3093,7180866
SHAPNA,d,20170927,000000,3093,3120,3080,3093,7466316
SHAPNA,d,20171002,000000,3065,3111,2962,3056,4520742
SHAPNA,d,20171003,000000,3055,3055,2982,3016,4988811
SHAPNA,d,20171004,000000,2996,3034,2937,2973,3066067
SHAPNA,d,20171007,000000,3001,3019,2910,2940,4548297
SHAPNA,d,20171008,000000,2922,2963,2839,2949,11607951
SHAPNA,d,20171009,000000,2936,2963,2889,2894,4352814
SHAPNA,d,20171010,000000,2936,2961,2897,2922,3148105
SHAPNA,d,20171011,000000,2944,2982,2919,2936,4098761
SHAPNA,d,20171014,000000,2973,3036,2970,3009,4172307
SHAPNA,d,20171015,000000,3019,3047,3001,3019,6152615
SHAPNA,d,20171016,000000,3037,3056,2991,3020,9355715
SHAPNA,d,20171017,000000,3010,3051,2957,3043,4281722
SHAPNA,d,20171018,000000,3047,3185,3028,3153,15205350
SHAPNA,d,20171021,000000,3187,3239,3164,3214,12191634
SHAPNA,d,20171022,000000,3233,3241,3103,3112,5588754
SHAPNA,d,20171023,000000,3096,3140,3052,3075,5188295
SHAPNA,d,20171024,000000,3087,3168,3066,3145,8230988
SHAPNA,d,20171025,000000,3159,3186,3122,3140,2564588
SHAPNA,d,20171028,000000,3159,3210,3157,3177,9995904
SHAPNA,d,20171029,000000,3195,3339,3195,3339,72687225
SHAPNA,d,20171030,000000,3372,3434,3253,3279,15423023
SHAPNA,d,20171031,000000,3316,3363,3270,3321,17980578
SHAPNA,d,20171101,000000,3334,3419,3334,3381,13703842
SHAPNA,d,20171104,000000,3406,3419,3275,3276,8597883
SHAPNA,d,20171105,000000,3298,3332,3246,3261,7236579
SHAPNA,d,20171106,000000,3284,3284,3224,3251,3604586
SHAPNA,d,20171107,000000,3317,3363,3251,3279,12600486
SHAPNA,d,20171108,000000,3262,3326,3243,3248,8874032
SHAPNA,d,20171111,000000,3307,3325,3264,3307,11090007
SHAPNA,d,20171112,000000,3315,3391,3281,3344,8391987
SHAPNA,d,20171113,000000,3351,3414,3344,3391,14882549
SHAPNA,d,20171114,000000,3391,3456,3382,3425,15397246
SHAPNA,d,20171115,000000,3418,3434,3377,3409,21865415
SHAPNA,d,20171118,000000,3453,3520,3421,3512,21628558
SHAPNA,d,20171120,000000,3522,3577,3496,3546,38765630
SHAPNA,d,20171121,000000,3581,3697,3581,3697,129823307
SHAPNA,d,20171122,000000,3739,3837,3673,3808,27261438
SHAPNA,d,20171125,000000,3854,3971,3828,3907,38482968
SHAPNA,d,20171126,000000,3925,3944,3855,3865,15401684
SHAPNA,d,20171128,000000,3995,4014,3883,3893,31524959
SHAPNA,d,20171129,000000,3903,3939,3855,3902,17740686
SHAPNA,d,20171202,000000,3957,3984,3885,3893,6207569
SHAPNA,d,20171203,000000,3902,3910,3753,3809,17758574
SHAPNA,d,20171204,000000,3762,3874,3758,3827,8534783
SHAPNA,d,20171205,000000,3809,3828,3772,3774,7483324
SHAPNA,d,20171209,000000,3828,3841,3775,3811,11059722
SHAPNA,d,20171210,000000,3836,3995,3815,3995,56316520
SHAPNA,d,20171211,000000,4078,4111,3939,4090,21788789
SHAPNA,d,20171217,000000,4264,4346,4264,4308,50406067
SHAPNA,d,20171218,000000,4343,4404,4273,4380,30398975
SHAPNA,d,20171219,000000,4348,4393,4301,4301,20632949
SHAPNA,d,20171220,000000,4295,4366,4278,4357,19724298
SHAPNA,d,20171223,000000,4404,4541,4227,4481,30812139
SHAPNA,d,20171224,000000,4506,4614,4487,4608,16846251
SHAPNA,d,20171225,000000,4613,4664,4562,4562,20418670
SHAPNA,d,20171226,000000,4589,4589,4470,4551,8553402
SHAPNA,d,20171227,000000,4580,4599,4457,4476,8801011
SHAPNA,d,20171230,000000,4422,4557,4270,4385,28661612
SHAPNA,d,20171231,000000,4385,4413,4195,4352,43740756
SHAPNA,d,20180101,000000,4349,4412,4312,4339,11511657
SHAPNA,d,20180102,000000,4404,4408,4293,4297,14124751
SHAPNA,d,20180103,000000,4343,4355,4264,4283,10856315
SHAPNA,d,20180106,000000,4298,4394,4298,4364,7580234
SHAPNA,d,20180107,000000,4371,4413,4252,4292,7665742
SHAPNA,d,20180108,000000,4292,4366,4233,4260,15126798
SHAPNA,d,20180109,000000,4317,4329,4233,4264,17862110
SHAPNA,d,20180110,000000,4326,4347,4274,4302,7007670
SHAPNA,d,20180113,000000,4355,4431,4331,4366,9738357
SHAPNA,d,20180114,000000,4376,4552,4376,4533,12591042
SHAPNA,d,20180115,000000,4562,4623,4535,4599,14741522
SHAPNA,d,20180116,000000,4608,4608,4509,4543,11847300
SHAPNA,d,20180117,000000,4562,4597,4511,4552,8331642
SHAPNA,d,20180120,000000,4557,4557,4455,4455,8246487
SHAPNA,d,20180121,000000,4427,4496,4362,4391,6930819
SHAPNA,d,20180122,000000,4408,4495,4366,4413,5392656
SHAPNA,d,20180123,000000,4401,4440,4366,4413,6643390
SHAPNA,d,20180124,000000,4441,4478,4394,4414,6813334
SHAPNA,d,20180127,000000,4458,4458,4399,4404,2723746
SHAPNA,d,20180128,000000,4408,4469,4385,4448,4251932
SHAPNA,d,20180129,000000,4383,4469,4381,4385,6231834
SHAPNA,d,20180130,000000,4382,4404,4292,4300,10755362
SHAPNA,d,20180131,000000,4301,4347,4264,4311,15048797
SHAPNA,d,20180203,000000,4311,4320,4211,4273,6775641
SHAPNA,d,20180204,000000,4219,4325,4219,4264,4528041
SHAPNA,d,20180205,000000,4283,4352,4266,4342,3773463
SHAPNA,d,20180206,000000,4329,4329,4260,4273,5272629
SHAPNA,d,20180207,000000,4286,4347,4273,4273,2457616
SHAPNA,d,20180210,000000,4162,4181,4100,4111,21174491
SHAPNA,d,20180212,000000,4163,4217,4066,4120,5858725
SHAPNA,d,20180213,000000,4126,4296,4126,4283,11989124
SHAPNA,d,20180214,000000,4319,4366,4273,4320,3732112
SHAPNA,d,20180217,000000,4320,4413,4320,4329,5764803
SHAPNA,d,20180218,000000,4365,4413,4277,4339,6003013
SHAPNA,d,20180219,000000,4337,4376,4322,4365,4967085
SHAPNA,d,20180221,000000,4339,4366,4274,4288,5216798
SHAPNA,d,20180224,000000,4357,4366,4303,4318,12210960
SHAPNA,d,20180225,000000,4357,4376,4320,4331,5301698
SHAPNA,d,20180226,000000,4325,4365,4256,4269,5042713
SHAPNA,d,20180227,000000,4319,4320,4181,4232,7353830
SHAPNA,d,20180228,000000,4254,4254,4148,4153,8066564
SHAPNA,d,20180303,000000,4181,4181,3986,4032,16579797
SHAPNA,d,20180304,000000,4142,4160,4023,4023,4973025
SHAPNA,d,20180305,000000,4077,4129,3997,4076,4663119
SHAPNA,d,20180306,000000,4042,4088,4042,4060,3311383
SHAPNA,d,20180307,000000,4077,4125,4014,4023,4167324
SHAPNA,d,20180310,000000,4064,4064,3921,3939,7731163
SHAPNA,d,20180311,000000,4004,4004,3950,3958,4777644
SHAPNA,d,20180312,000000,3972,4064,3972,3994,4934064
SHAPNA,d,20180313,000000,4004,4004,3973,3976,3085811
SHAPNA,d,20180314,000000,3972,4009,3962,3967,9552696
SHAPNA,d,20180317,000000,3969,3995,3921,3927,7590126
SHAPNA,d,20180318,000000,3995,3995,3917,3958,4061553
SHAPNA,d,20180319,000000,3995,4004,3941,3958,2308743
SHAPNA,d,20180325,000000,4030,4056,3985,3985,2105211
SHAPNA,d,20180326,000000,4023,4026,3948,3949,2920816
SHAPNA,d,20180327,000000,3959,3959,3912,3931,2509378
SHAPNA,d,20180328,000000,3976,3976,3880,3888,4395699
SHAPNA,d,20180403,000000,3940,3940,3863,3863,4699234
SHAPNA,d,20180404,000000,3872,3883,3837,3882,6719623
SHAPNA,d,20180407,000000,3846,3902,3810,3855,3749868
SHAPNA,d,20180408,000000,3811,3892,3754,3846,9340031
SHAPNA,d,20180409,000000,3891,3946,3856,3920,5706430
SHAPNA,d,20180410,000000,4077,4103,4018,4069,19555759
SHAPNA,d,20180411,000000,4097,4123,3958,3958,9070642
SHAPNA,d,20180415,000000,3958,4096,3958,3996,3901364
SHAPNA,d,20180416,000000,4060,4060,3976,3995,3491924
SHAPNA,d,20180417,000000,4023,4041,4004,4013,4955060
SHAPNA,d,20180418,000000,4032,4039,3995,4037,2810813
SHAPNA,d,20180421,000000,4043,4078,4024,4048,3791976
SHAPNA,d,20180422,000000,4013,4032,3968,3996,3040843
SHAPNA,d,20180423,000000,3995,4078,3988,4032,4195742
SHAPNA,d,20180424,000000,4069,4168,4044,4155,10107260
SHAPNA,d,20180425,000000,4155,4249,4126,4208,10233035
SHAPNA,d,20180428,000000,4213,4213,4087,4116,3332753
SHAPNA,d,20180429,000000,4064,4179,4064,4125,3820546
SHAPNA,d,20180430,000000,4134,4134,4094,4097,1765990
SHAPNA,d,20180501,000000,4125,4151,4097,4114,2844325
SHAPNA,d,20180505,000000,4092,4129,4041,4042,2607057
SHAPNA,d,20180506,000000,4050,4050,3996,4008,4430571
SHAPNA,d,20180507,000000,4032,4068,4014,4028,4973658
SHAPNA,d,20180508,000000,4080,4132,4024,4060,9279313
SHAPNA,d,20180509,000000,4067,4134,3985,3995,28595446
SHAPNA,d,20180512,000000,4060,4068,3984,4006,8334732
SHAPNA,d,20180513,000000,4034,4035,3995,3998,3779549
SHAPNA,d,20180514,000000,4023,4060,4015,4032,6010604
SHAPNA,d,20180515,000000,4060,4060,3999,4013,6518800
SHAPNA,d,20180516,000000,4058,4058,4003,4015,10096203
SHAPNA,d,20180519,000000,4060,4133,4053,4095,14622071
SHAPNA,d,20180520,000000,4088,4088,3981,3990,13395192
SHAPNA,d,20180521,000000,3985,4032,3956,3958,7439024
SHAPNA,d,20180522,000000,3985,3985,3847,3895,9730298
SHAPNA,d,20180523,000000,3902,3939,3865,3866,4921940
SHAPNA,d,20180526,000000,3845,3874,3772,3772,14191547
SHAPNA,d,20180527,000000,3769,3825,3735,3772,3240838
SHAPNA,d,20180528,000000,3776,3846,3775,3807,5873528
SHAPNA,d,20180529,000000,3837,3881,3816,3820,3894180
SHAPNA,d,20180530,000000,3846,3846,3799,3842,2496483
SHAPNA,d,20180602,000000,3837,3837,3772,3789,3981969
SHAPNA,d,20180603,000000,3797,3828,3777,3799,2255254
SHAPNA,d,20180610,000000,3716,3716,3532,3623,14825938
SHAPNA,d,20180611,000000,3656,3735,3581,3623,7880235
SHAPNA,d,20180612,000000,3704,3704,3607,3623,5405486
SHAPNA,d,20180613,000000,3670,3817,3623,3817,11110953
SHAPNA,d,20180617,000000,3952,3952,3911,3952,56039087
SHAPNA,d,20180618,000000,4105,4105,3902,3929,15224288
SHAPNA,d,20180619,000000,3943,4082,3837,3992,19380278
SHAPNA,d,20180620,000000,3992,4166,3992,4166,130835850
SHAPNA,d,20180623,000000,4329,4372,4283,4348,62539140
SHAPNA,d,20180624,000000,4364,4513,4258,4459,33859291
SHAPNA,d,20180625,000000,4524,4630,4524,4630,53184691
SHAPNA,d,20180626,000000,4644,4645,4392,4392,36445259
SHAPNA,d,20180627,000000,4427,4478,4218,4246,27091266
SHAPNA,d,20180630,000000,4292,4365,4066,4066,11990941
SHAPNA,d,20180701,000000,4134,4180,4032,4067,26557328
SHAPNA,d,20180702,000000,4116,4218,4048,4157,7934171
SHAPNA,d,20180703,000000,4224,4375,4133,4283,17150320
SHAPNA,d,20180704,000000,4385,4394,4109,4109,20201219
SHAPNA,d,20180707,000000,4088,4125,3982,3995,9048749
SHAPNA,d,20180708,000000,4041,4088,3985,4022,6397887
SHAPNA,d,20180710,000000,4084,4084,3987,4009,5213766
SHAPNA,d,20180711,000000,4045,4132,3995,4041,13160453
SHAPNA,d,20180714,000000,4028,4069,3939,3953,6209614
SHAPNA,d,20180715,000000,4009,4021,3949,3959,4939111
SHAPNA,d,20180716,000000,4021,4021,3939,3971,3914562
SHAPNA,d,20180717,000000,3935,3980,3886,3958,11687926
SHAPNA,d,20180723,000000,4190,4190,4056,4080,6219973
SHAPNA,d,20180724,000000,4070,4139,3999,4010,7119380
SHAPNA,d,20180725,000000,4094,4273,4081,4273,56125379
SHAPNA,d,20180728,000000,4380,4469,4380,4469,52064211
SHAPNA,d,20180729,000000,4550,4550,4281,4401,26281246
SHAPNA,d,20180730,000000,4440,4612,4351,4612,44549801
SHAPNA,d,20180731,000000,4817,4817,4800,4817,19719290
SHAPNA,d,20180801,000000,5057,5057,4710,4904,98331655
SHAPNA,d,20180804,000000,4885,5094,4777,4899,37671477
SHAPNA,d,20180805,000000,5005,5188,5000,5180,70796903
SHAPNA,d,20180806,000000,5430,5430,5256,5289,78657186
SHAPNA,d,20180807,000000,5202,5555,5151,5155,71187885
SHAPNA,d,20180808,000000,5228,5289,5024,5101,36421397
SHAPNA,d,20180811,000000,5100,5250,4942,4982,16185258
SHAPNA,d,20180812,000000,5073,5185,4942,4950,10590619
SHAPNA,d,20180813,000000,5026,5080,4889,5020,16810544
SHAPNA,d,20180814,000000,5031,5200,5031,5070,14991394
SHAPNA,d,20180815,000000,5069,5070,4960,5025,10476941
SHAPNA,d,20180818,000000,5002,5120,4900,5100,17759142
SHAPNA,d,20180819,000000,5109,5170,4981,5000,21486789
SHAPNA,d,20180820,000000,5039,5200,5021,5170,37222037
SHAPNA,d,20180821,000000,5210,5393,5153,5360,51746960
SHAPNA,d,20180825,000000,5450,5568,5250,5282,24669938
SHAPNA,d,20180826,000000,5705,5705,5705,5705,40678465
SHAPNA,d,20180827,000000,5990,6289,5920,6180,114922578
SHAPNA,d,20180828,000000,5794,5794,5505,5505,11089463
SHAPNA,d,20180829,000000,5460,5700,5410,5440,37100227
SHAPNA,d,20180901,000000,5555,5555,5270,5300,21680972
SHAPNA,d,20180902,000000,5305,5330,5170,5300,16205423
SHAPNA,d,20180903,000000,5515,5515,5502,5515,59095149
SHAPNA,d,20180904,000000,5790,5790,5751,5790,55243458
SHAPNA,d,20180905,000000,5890,6050,5716,6000,48985292
SHAPNA,d,20180908,000000,6070,6223,6070,6125,35024602
SHAPNA,d,20180909,000000,6250,6403,6200,6400,9075466
SHAPNA,d,20180910,000000,6634,6886,6540,6688,56194053
SHAPNA,d,20180911,000000,6700,6700,6340,6530,55566181
SHAPNA,d,20180912,000000,6685,6835,6600,6835,45871824
SHAPNA,d,20180915,000000,7142,7142,6803,6860,78774789
SHAPNA,d,20180916,000000,6900,7045,6600,6940,42696061
SHAPNA,d,20180917,000000,7100,7210,7000,7070,43880014
SHAPNA,d,20180918,000000,7150,7292,6920,7140,38720928
SHAPNA,d,20180922,000000,7350,7505,7210,7505,23813877
SHAPNA,d,20180923,000000,7848,7848,7846,7848,55244234
SHAPNA,d,20180924,000000,8200,8240,8011,8200,50314995
SHAPNA,d,20180929,000000,8621,9052,8621,9052,12616166
SHAPNA,d,20180930,000000,9501,9501,9501,9501,54486055
SHAPNA,d,20181001,000000,9976,9976,9510,9976,162494936
SHAPNA,d,20181002,000000,9999,9999,9445,9445,110060821
SHAPNA,d,20181003,000000,9440,10004,9440,10004,60710560
SHAPNA,d,20181006,000000,10339,10339,9500,10150,135611498
SHAPNA,d,20181007,000000,9840,10655,9641,9651,160295650
SHAPNA,d,20181008,000000,10001,10425,9701,10425,88027941
SHAPNA,d,20181009,000000,10716,10716,10260,10716,56852834
SHAPNA,d,20181010,000000,10749,11236,10508,11235,100879249
SHAPNA,d,20181013,000000,11198,11200,10550,10550,30841494
SHAPNA,d,20181014,000000,10130,10550,10124,10300,52069986
SHAPNA,d,20181015,000000,10400,10675,10146,10376,79934420
SHAPNA,d,20181016,000000,10000,10395,9886,9895,75564332
SHAPNA,d,20181017,000000,9901,10510,9602,10390,74784513
SHAPNA,d,20181020,000000,10647,10708,10500,10708,38897494
SHAPNA,d,20181021,000000,11220,11226,10600,10997,88088231
SHAPNA,d,20181022,000000,10899,11245,10506,11050,75455597
SHAPNA,d,20181024,000000,10370,10370,9852,9852,62185209
SHAPNA,d,20181027,000000,10000,10000,9502,9502,28940320
SHAPNA,d,20181028,000000,9530,9705,9131,9445,57511695
SHAPNA,d,20181029,000000,9500,9805,9350,9380,24218724
SHAPNA,d,20181031,000000,9320,9490,9030,9080,38068815
SHAPNA,d,20181103,000000,9130,9199,8801,8919,23793864
SHAPNA,d,20181104,000000,9189,9199,8757,8929,24174374
SHAPNA,d,20181105,000000,8998,9180,8880,8934,19173680
SHAPNA,d,20181106,000000,9050,9180,8950,9048,21933919
SHAPNA,d,20181110,000000,8900,9149,8702,8759,31443309
SHAPNA,d,20181111,000000,8820,8820,8449,8540,26655929
SHAPNA,d,20181112,000000,8620,8800,8500,8777,21444152
SHAPNA,d,20181113,000000,8790,8970,8650,8704,15994661
SHAPNA,d,20181114,000000,8405,8479,8350,8364,20332304
SHAPNA,d,20181117,000000,8230,8490,8021,8100,24301760
SHAPNA,d,20181118,000000,8049,8129,7748,7950,33390311
SHAPNA,d,20181119,000000,7956,8230,7956,8230,25410120
SHAPNA,d,20181120,000000,8380,8480,8140,8377,18603301
SHAPNA,d,20181121,000000,8020,8250,7911,7930,25888690
SHAPNA,d,20181124,000000,7605,7605,7605,7605,9518311
SHAPNA,d,20181126,000000,7225,7350,7225,7290,40470697
SHAPNA,d,20181127,000000,7300,7584,7250,7280,15515700
SHAPNA,d,20181128,000000,7382,7400,7070,7120,16391208
SHAPNA,d,20181201,000000,6890,7049,6803,6970,35389164
SHAPNA,d,20181202,000000,7160,7224,7150,7224,13079055
SHAPNA,d,20181203,000000,7558,7558,7558,7558,11419175
SHAPNA,d,20181204,000000,7649,7900,7400,7850,32818023
SHAPNA,d,20181205,000000,7700,7887,7670,7785,12540353
SHAPNA,d,20181208,000000,7980,7990,7795,7810,18029625
SHAPNA,d,20181209,000000,7900,7910,7680,7750,12024639
SHAPNA,d,20181210,000000,7750,7830,7610,7650,8056635
SHAPNA,d,20181211,000000,7640,7798,7450,7455,7961644
SHAPNA,d,20181212,000000,7407,7600,7351,7600,13882254
SHAPNA,d,20181215,000000,7540,7610,7400,7495,6074767
SHAPNA,d,20181216,000000,7415,7550,7130,7300,11302347
SHAPNA,d,20181217,000000,7210,7490,7120,7235,9388711
SHAPNA,d,20181218,000000,7026,7284,7001,7040,8638554
SHAPNA,d,20181219,000000,6911,6938,6769,6850,26412233
SHAPNA,d,20181222,000000,6510,6650,6448,6448,21745293
SHAPNA,d,20181223,000000,6501,6799,6501,6799,18059700
SHAPNA,d,20181224,000000,6980,7048,6830,6870,11274447
SHAPNA,d,20181225,000000,6651,6800,6633,6750,10037893
SHAPNA,d,20181226,000000,6720,7052,6717,7052,19699745
SHAPNA,d,20181229,000000,7288,7321,7115,7319,20348193
SHAPNA,d,20181230,000000,7340,7440,7205,7269,10693211
SHAPNA,d,20181231,000000,7319,7438,7251,7323,13578291
SHAPNA,d,20190101,000000,7358,7415,7152,7205,11427901
SHAPNA,d,20190102,000000,7220,7220,6960,6960,13885026
SHAPNA,d,20190105,000000,7350,7360,7222,7265,9974001
SHAPNA,d,20190106,000000,7260,7310,7200,7240,8992084
SHAPNA,d,20190107,000000,7220,7629,7220,7629,30141851
SHAPNA,d,20190108,000000,7670,7939,7641,7844,24182027
SHAPNA,d,20190109,000000,8000,8248,7900,7933,15438807
SHAPNA,d,20190112,000000,8188,8252,7881,7915,11931665
SHAPNA,d,20190113,000000,7900,7999,7741,7850,10383272
SHAPNA,d,20190114,000000,7796,8071,7674,7963,16836275
SHAPNA,d,20190115,000000,7960,8284,7960,8170,24741272
SHAPNA,d,20190116,000000,8260,8370,8103,8311,16412544
SHAPNA,d,20190119,000000,8421,8700,8400,8505,22635483
SHAPNA,d,20190120,000000,9000,9025,8594,8700,48427261
SHAPNA,d,20190121,000000,8748,8798,8459,8459,31822583
SHAPNA,d,20190122,000000,8580,8630,8378,8572,16275478
SHAPNA,d,20190123,000000,8550,8590,8415,8460,10535025
SHAPNA,d,20190126,000000,8439,8439,8080,8105,12158096
SHAPNA,d,20190127,000000,8100,8180,7970,7972,12217285
SHAPNA,d,20190128,000000,8177,8330,8101,8278,14869217
SHAPNA,d,20190129,000000,8200,8370,8100,8260,10279932
SHAPNA,d,20190130,000000,8300,8350,8213,8269,6151360
SHAPNA,d,20190202,000000,8350,8414,8109,8112,7778664
SHAPNA,d,20190203,000000,8130,8299,8050,8197,9820163
SHAPNA,d,20190204,000000,8200,8250,8100,8106,4593595
SHAPNA,d,20190205,000000,8100,8247,8100,8110,6034318
SHAPNA,d,20190206,000000,8190,8210,8040,8080,4772823
SHAPNA,d,20190210,000000,8050,8200,7951,8001,4939485
SHAPNA,d,20190212,000000,7957,8111,7921,7921,4837603
SHAPNA,d,20190213,000000,8003,8003,7860,7900,4757172
SHAPNA,d,20190216,000000,8170,8190,7950,8010,8594105
SHAPNA,d,20190217,000000,8150,8260,8022,8080,12348296
SHAPNA,d,20190218,000000,8169,8229,8050,8069,6597593
SHAPNA,d,20190219,000000,8120,8172,8050,8096,5501572
SHAPNA,d,20190220,000000,8080,8400,8061,8340,16060086
SHAPNA,d,20190223,000000,8474,8657,8460,8570,31738445
SHAPNA,d,20190224,000000,8638,8710,8460,8647,11217620
SHAPNA,d,20190225,000000,8670,8706,8341,8345,8685151
SHAPNA,d,20190226,000000,8152,8330,8061,8131,11121573
SHAPNA,d,20190227,000000,8151,8302,8140,8180,4016266
SHAPNA,d,20190302,000000,8200,8220,8065,8094,5268365
SHAPNA,d,20190303,000000,8104,8215,8082,8141,4736015
SHAPNA,d,20190304,000000,8140,8180,8080,8120,7517392
SHAPNA,d,20190305,000000,8105,8186,8000,8024,7257613
SHAPNA,d,20190306,000000,8010,8180,8000,8052,3994648
SHAPNA,d,20190309,000000,8011,8159,7935,7977,7113803
SHAPNA,d,20190310,000000,8025,8200,7957,8150,7073635
SHAPNA,d,20190311,000000,8200,8518,8199,8392,26704669
SHAPNA,d,20190312,000000,8479,8688,8307,8411,11691504
SHAPNA,d,20190313,000000,8530,8745,8460,8651,14569914
SHAPNA,d,20190316,000000,8700,9078,8655,8980,25889727
SHAPNA,d,20190317,000000,9110,9110,8900,8991,11823151
SHAPNA,d,20190318,000000,9002,9400,9002,9296,13226079
SHAPNA,d,20190319,000000,9290,9399,9180,9210,6874247
SHAPNA,d,20190325,000000,9200,9350,9011,9220,3134281
SHAPNA,d,20190326,000000,9160,9250,9143,9199,3760612
SHAPNA,d,20190327,000000,9221,9450,9185,9197,9982525
SHAPNA,d,20190330,000000,9302,9577,9240,9487,16035116
SHAPNA,d,20190331,000000,9570,9570,9250,9313,10621938
SHAPNA,d,20190406,000000,9460,9690,9460,9480,11025260
SHAPNA,d,20190407,000000,9480,9740,9400,9430,10715850
SHAPNA,d,20190408,000000,9570,10015,9432,10015,41223520
SHAPNA,d,20190409,000000,10050,10200,9952,10000,24267388
SHAPNA,d,20190410,000000,9950,10250,9901,10000,24561906
SHAPNA,d,20190413,000000,10079,10153,9804,10000,17200677
SHAPNA,d,20190414,000000,9900,10150,9808,10130,21630193
